0 0.3642578125 0.0732421875 0.037109375 0.021484375
0 0.1162109375 0.02734375 0.068359375 0.0546875
0 0.10546875 0.0908203125 0.04296875 0.029296875
0 0.0546875 0.458984375 0.0234375 0.0234375
0 0.0546875 0.3857421875 0.0380859375 0.0302734375
0 0.8056640625 0.8310546875 0.046875 0.03125
0 0.822265625 0.8740234375 0.0302734375 0.0341796875
0 0.68359375 0.8828125 0.02734375 0.021484375
0 0.3603515625 0.966796875 0.0556640625 0.046875
0 0.0986328125 0.4453125 0.0263671875 0.0185546875
0 0.03125 0.4384765625 0.037109375 0.02734375
0 0.017578125 0.4775390625 0.021484375 0.0263671875
0 0.109375 0.4775390625 0.0224609375 0.0185546875
0 0.046875 0.54296875 0.0263671875 0.025390625
0 0.53515625 0.009765625 0.025390625 0.01953125
0 0.54296875 0.041015625 0.033203125 0.0185546875
0 0.5791015625 0.01171875 0.02734375 0.0234375
0 0.1708984375 0.1025390625 0.0234375 0.03125
0 0.13671875 0.1640625 0.03125 0.041015625
0 0.138671875 0.1982421875 0.033203125 0.0234375