0 0.75 0.447265625 0.0947265625 0.1005859375
0 0.4755859375 0.4150390625 0.09765625 0.0703125
0 0.4033203125 0.4541015625 0.0615234375 0.046875
0 0.3486328125 0.44140625 0.0390625 0.037109375
0 0.44140625 0.65625 0.041015625 0.02734375
0 0.849609375 0.9375 0.0224609375 0.017578125
0 0.27734375 0.7802734375 0.060546875 0.072265625
0 0.3974609375 0.1943359375 0.0390625 0.0361328125
0 0.849609375 0.9609375 0.017578125 0.01953125
0 0.853515625 0.2890625 0.0146484375 0.01953125
0 0.970703125 0.970703125 0.0224609375 0.0205078125
0 0.078125 0.591796875 0.025390625 0.0244140625
0 0.48046875 0.041015625 0.02734375 0.0234375
0 0.6650390625 0.8642578125 0.0166015625 0.01953125
0 0.533203125 0.2421875 0.072265625 0.04296875
0 0.6875 0.529296875 0.01953125 0.017578125
0 0.1201171875 0.1796875 0.0390625 0.037109375
0 0.2119140625 0.5 0.0390625 0.0400390625
0 0.10546875 0.271484375 0.046875 0.060546875
0 0.8984375 0.61328125 0.0166015625 0.01953125
0 0.4677734375 0.26171875 0.052734375 0.078125
0 0.0869140625 0.69140625 0.0546875 0.048828125
0 0.6005859375 0.3271484375 0.04296875 0.0498046875
0 0.615234375 0.76953125 0.01953125 0.0146484375
0 0.30078125 0.4619140625 0.025390625 0.0263671875
0 0.5859375 0.052734375 0.03515625 0.029296875
0 0.693359375 0.951171875 0.01171875 0.013671875
0 0.1494140625 0.65234375 0.041015625 0.041015625
0 0.4375 0.841796875 0.029296875 0.0263671875
0 0.3779296875 0.6943359375 0.02734375 0.0263671875
0 0.0556640625 0.5302734375 0.03515625 0.0341796875
0 0.40625 0.5625 0.0234375 0.029296875
0 0.1533203125 0.232421875 0.02734375 0.0224609375
0 0.228515625 0.26953125 0.0361328125 0.0361328125
0 0.3466796875 0.0205078125 0.021484375 0.0263671875
0 0.533203125 0.935546875 0.02734375 0.0322265625
0 0.2880859375 0.701171875 0.029296875 0.033203125
0 0.314453125 0.40234375 0.041015625 0.0283203125
0 0.205078125 0.7783203125 0.0244140625 0.0224609375
0 0.3759765625 0.15234375 0.048828125 0.0283203125
0 0.17578125 0.232421875 0.0400390625 0.03125
0 0.3681640625 0.60546875 0.021484375 0.017578125
0 0.251953125 0.3330078125 0.037109375 0.01953125
0 0.34765625 0.55859375 0.0205078125 0.0341796875
0 0.0107421875 0.7275390625 0.01171875 0.015625
0 0.3095703125 0.0556640625 0.0400390625 0.0380859375
0 0.365234375 0.857421875 0.0556640625 0.0400390625
0 0.5244140625 0.546875 0.015625 0.015625
0 0.033203125 0.890625 0.0234375 0.0302734375
0 0.31640625 0.6474609375 0.0556640625 0.0693359375
0 0.671875 0.05859375 0.0146484375 0.0166015625
0 0.53515625 0.0224609375 0.021484375 0.0205078125
0 0.6962890625 0.53125 0.0419921875 0.041015625
0 0.212890625 0.703125 0.0302734375 0.0341796875
0 0.91015625 0.7724609375 0.044921875 0.0537109375
0 0.267578125 0.86328125 0.04296875 0.0498046875
0 0.8984375 0.658203125 0.0302734375 0.0283203125