0 0.255859375 0.658203125 0.0498046875 0.0478515625
0 0.076171875 0.404296875 0.0478515625 0.0419921875
0 0.2822265625 0.146484375 0.0390625 0.0341796875
0 0.3271484375 0.4208984375 0.0478515625 0.029296875
0 0.1865234375 0.4345703125 0.048828125 0.0439453125
0 0.275390625 0.712890625 0.033203125 0.029296875
0 0.7353515625 0.16796875 0.0380859375 0.033203125
0 0.091796875 0.9384765625 0.0234375 0.0185546875
0 0.6630859375 0.818359375 0.013671875 0.01171875
0 0.3759765625 0.10546875 0.0146484375 0.0205078125
0 0.0439453125 0.5078125 0.01953125 0.0234375
0 0.853515625 0.05078125 0.03125 0.0283203125
0 0.66015625 0.896484375 0.021484375 0.021484375
0 0.275390625 0.4990234375 0.0537109375 0.05078125
0 0.1435546875 0.4970703125 0.017578125 0.013671875
0 0.544921875 0.986328125 0.029296875 0.025390625
0 0.455078125 0.576171875 0.03515625 0.0302734375
0 0.3798828125 0.630859375 0.0166015625 0.01953125
0 0.833984375 0.62109375 0.0380859375 0.0400390625
0 0.517578125 0.2197265625 0.015625 0.0185546875
0 0.21484375 0.87890625 0.041015625 0.025390625
0 0.744140625 0.341796875 0.013671875 0.0126953125
0 0.1669921875 0.916015625 0.0283203125 0.021484375
0 0.220703125 0.673828125 0.02734375 0.025390625
0 0.359375 0.9619140625 0.021484375 0.0234375
0 0.4189453125 0.830078125 0.029296875 0.029296875
0 0.009765625 0.33203125 0.01171875 0.0146484375
0 0.4853515625 0.212890625 0.0234375 0.017578125
0 0.1650390625 0.939453125 0.0234375 0.017578125
0 0.0078125 0.6689453125 0.0146484375 0.0234375
0 0.095703125 0.966796875 0.0302734375 0.03125
0 0.50390625 0.126953125 0.013671875 0.0166015625
0 0.1796875 0.19140625 0.01171875 0.013671875
0 0.439453125 0.36328125 0.013671875 0.01171875
0 0.421875 0.630859375 0.0146484375 0.01171875
0 0.46484375 0.8515625 0.0107421875 0.017578125
0 0.14453125 0.6328125 0.025390625 0.0263671875
0 0.1416015625 0.794921875 0.009765625 0.0126953125
0 0.8037109375 0.1669921875 0.0361328125 0.033203125
0 0.09765625 0.1650390625 0.013671875 0.01171875
0 0.224609375 0.96484375 0.013671875 0.0146484375
0 0.1650390625 0.6962890625 0.0126953125 0.013671875
0 0.1767578125 0.046875 0.017578125 0.01953125
0 0.390625 0.466796875 0.013671875 0.0087890625
0 0.3232421875 0.60546875 0.025390625 0.02734375
0 0.7197265625 0.9462890625 0.01171875 0.0146484375
0 0.3056640625 0.736328125 0.01171875 0.01171875
0 0.306640625 0.603515625 0.01171875 0.0126953125
0 0.689453125 0.0947265625 0.064453125 0.046875