0 0.0625 0.255859375 0.021484375 0.037109375
0 0.205078125 0.1435546875 0.0234375 0.021484375
0 0.373046875 0.505859375 0.0322265625 0.0419921875
0 0.34375 0.513671875 0.0166015625 0.021484375
0 0.3662109375 0.4716796875 0.03125 0.0224609375
0 0.4931640625 0.7587890625 0.0302734375 0.01953125
0 0.5869140625 0.51953125 0.0244140625 0.0263671875
0 0.8779296875 0.5224609375 0.033203125 0.0380859375
0 0.26171875 0.8984375 0.025390625 0.021484375
0 0.5390625 0.7587890625 0.0361328125 0.0302734375
0 0.2197265625 0.771484375 0.0283203125 0.025390625
0 0.3525390625 0.783203125 0.0283203125 0.0244140625
0 0.41796875 0.4755859375 0.02734375 0.0244140625
0 0.1845703125 0.525390625 0.03515625 0.0263671875
0 0.498046875 0.7822265625 0.0234375 0.0263671875
0 0.7109375 0.666015625 0.037109375 0.02734375
0 0.400390625 0.90234375 0.02734375 0.025390625
0 0.6328125 0.8427734375 0.0361328125 0.029296875
0 0.7197265625 0.76953125 0.0380859375 0.03125
0 0.8173828125 0.767578125 0.0263671875 0.0302734375
0 0.53125 0.953125 0.0244140625 0.021484375
0 0.2509765625 0.7578125 0.0283203125 0.0283203125
0 0.828125 0.8359375 0.0283203125 0.0263671875
0 0.6298828125 0.560546875 0.025390625 0.0244140625
0 0.251953125 0.728515625 0.029296875 0.0244140625
0 0.646484375 0.873046875 0.0302734375 0.025390625
0 0.150390625 0.3154296875 0.0244140625 0.021484375
0 0.798828125 0.59375 0.021484375 0.0263671875
0 0.8984375 0.5986328125 0.0263671875 0.01953125
0 0.154296875 0.8955078125 0.0283203125 0.029296875
0 0.517578125 0.5234375 0.0263671875 0.0234375
0 0.509765625 0.650390625 0.0625 0.0478515625
0 0.654296875 0.6767578125 0.052734375 0.0361328125
0 0.7216796875 0.33203125 0.0205078125 0.0205078125
0 0.564453125 0.931640625 0.029296875 0.0263671875
0 0.236328125 0.689453125 0.0341796875 0.029296875
0 0.69140625 0.884765625 0.033203125 0.033203125
0 0.515625 0.5947265625 0.0615234375 0.056640625
0 0.27734375 0.9443359375 0.029296875 0.0185546875
0 0.2236328125 0.857421875 0.0244140625 0.02734375
0 0.5234375 0.6875 0.0283203125 0.02734375
0 0.4326171875 0.7548828125 0.01953125 0.0185546875
0 0.6689453125 0.8447265625 0.0224609375 0.01953125
0 0.6630859375 0.796875 0.033203125 0.033203125
0 0.1650390625 0.8408203125 0.03125 0.025390625
0 0.3974609375 0.94140625 0.03515625 0.0302734375
0 0.150390625 0.92578125 0.0302734375 0.0283203125
0 0.486328125 0.9697265625 0.029296875 0.0263671875
0 0.67578125 0.91796875 0.029296875 0.02734375
0 0.77734375 0.806640625 0.03515625 0.0302734375
0 0.7265625 0.935546875 0.0224609375 0.0205078125
0 0.0791015625 0.689453125 0.033203125 0.025390625
0 0.779296875 0.841796875 0.0234375 0.025390625
0 0.22265625 0.6005859375 0.0224609375 0.0205078125
0 0.5986328125 0.9365234375 0.0263671875 0.0224609375
0 0.951171875 0.7412109375 0.0322265625 0.025390625
0 0.267578125 0.966796875 0.0498046875 0.0322265625
0 0.1103515625 0.794921875 0.044921875 0.037109375
0 0.9326171875 0.6630859375 0.0361328125 0.029296875
0 0.2041015625 0.560546875 0.0341796875 0.0341796875
0 0.3623046875 0.572265625 0.021484375 0.0185546875
0 0.322265625 0.33203125 0.0234375 0.0224609375
0 0.5 0.2734375 0.0224609375 0.0185546875
0 0.0380859375 0.7158203125 0.033203125 0.0302734375
0 0.228515625 0.625 0.0341796875 0.0224609375
0 0.21875 0.486328125 0.0400390625 0.052734375
0 0.7568359375 0.9755859375 0.0205078125 0.0185546875
0 0.384765625 0.349609375 0.0224609375 0.0205078125
0 0.1591796875 0.576171875 0.041015625 0.037109375
0 0.470703125 0.87109375 0.02734375 0.03515625
0 0.31640625 0.953125 0.056640625 0.037109375
0 0.75 0.0791015625 0.04296875 0.025390625
0 0.2373046875 0.98046875 0.04296875 0.02734375
0 0.7451171875 0.84375 0.0146484375 0.015625
0 0.84765625 0.892578125 0.0400390625 0.0341796875
0 0.6142578125 0.978515625 0.0224609375 0.0224609375
0 0.853515625 0.865234375 0.03515625 0.029296875
0 0.984375 0.3046875 0.0224609375 0.0205078125
0 0.9755859375 0.923828125 0.0361328125 0.0244140625
0 0.0166015625 0.5986328125 0.0146484375 0.0224609375
0 0.083984375 0.0537109375 0.0185546875 0.01953125
0 0.294921875 0.630859375 0.02734375 0.0263671875
0 0.3408203125 0.6953125 0.021484375 0.025390625
0 0.3134765625 0.984375 0.0341796875 0.0234375
0 0.353515625 0.1845703125 0.015625 0.025390625
0 0.412109375 0.5869140625 0.0224609375 0.017578125
0 0.17578125 0.6953125 0.01953125 0.021484375
0 0.150390625 0.9609375 0.0166015625 0.015625
0 0.2666015625 0.9931640625 0.0400390625 0.0126953125
0 0.296875 0.587890625 0.041015625 0.0390625
0 0.75390625 0.919921875 0.0322265625 0.0126953125
0 0.798828125 0.1982421875 0.021484375 0.0205078125
0 0.7568359375 0.2001953125 0.0185546875 0.0146484375
0 0.41015625 0.9951171875 0.05078125 0.009765625
0 0.3173828125 0.287109375 0.05078125 0.03125
0 0.2109375 0.4375 0.0205078125 0.0166015625
0 0.28125 0.169921875 0.01171875 0.0185546875
0 0.419921875 0.2255859375 0.0205078125 0.0205078125
0 0.474609375 0.25 0.0224609375 0.01953125
0 0.548828125 0.3740234375 0.068359375 0.0625
0 0.873046875 0.046875 0.0439453125 0.048828125
0 0.703125 0.154296875 0.0361328125 0.0380859375
0 0.896484375 0.2880859375 0.029296875 0.03515625
0 0.755859375 0.3515625 0.017578125 0.0166015625
0 0.779296875 0.4873046875 0.076171875 0.08203125
0 0.970703125 0.5439453125 0.0224609375 0.0263671875
0 0.833984375 0.66015625 0.03125 0.0234375
0 0.775390625 0.6572265625 0.0341796875 0.0556640625
0 0.8662109375 0.65234375 0.01953125 0.0224609375
0 0.8037109375 0.671875 0.0166015625 0.015625
0 0.986328125 0.771484375 0.0234375 0.0244140625
0 0.84765625 0.931640625 0.017578125 0.0302734375
0 0.904296875 0.734375 0.0263671875 0.0244140625
0 0.9052734375 0.755859375 0.017578125 0.0166015625
0 0.927734375 0.931640625 0.015625 0.0146484375
0 0.87109375 0.966796875 0.044921875 0.03515625
0 0.8642578125 0.8349609375 0.013671875 0.025390625
0 0.81640625 0.9423828125 0.03515625 0.041015625
0 0.74609375 0.861328125 0.0146484375 0.009765625
0 0.1357421875 0.9453125 0.0166015625 0.013671875
0 0.1103515625 0.927734375 0.021484375 0.0205078125
0 0.0771484375 0.9189453125 0.03125 0.0244140625
0 0.423828125 0.9619140625 0.0185546875 0.0263671875
0 0.3916015625 0.9755859375 0.0166015625 0.021484375
0 0.4521484375 0.966796875 0.017578125 0.0234375
0 0.458984375 0.896484375 0.0224609375 0.017578125
0 0.169921875 0.7158203125 0.0185546875 0.01953125
0 0.376953125 0.767578125 0.0205078125 0.021484375
0 0.228515625 0.8310546875 0.0205078125 0.02734375
0 0.1279296875 0.875 0.025390625 0.0205078125
0 0.2646484375 0.7099609375 0.0341796875 0.0166015625
0 0.3720703125 0.94921875 0.025390625 0.01953125
0 0.546875 0.857421875 0.0146484375 0.013671875
0 0.2626953125 0.8466796875 0.0205078125 0.0166015625
0 0.6845703125 0.755859375 0.0185546875 0.03515625
0 0.6630859375 0.7451171875 0.017578125 0.029296875
0 0.4375 0.580078125 0.0068359375 0.0146484375
0 0.4609375 0.5810546875 0.02734375 0.0283203125