0 0.53515625 0.1181640625 0.0380859375 0.0361328125
0 0.1826171875 0.533203125 0.0751953125 0.0380859375
0 0.1630859375 0.5546875 0.0361328125 0.0361328125
0 0.064453125 0.2607421875 0.0205078125 0.0224609375
0 0.2685546875 0.1640625 0.0205078125 0.01953125
0 0.494140625 0.2734375 0.029296875 0.025390625
0 0.5205078125 0.27734375 0.025390625 0.0234375
0 0.783203125 0.2412109375 0.03515625 0.0302734375
0 0.8134765625 0.23046875 0.0517578125 0.0302734375
0 0.8955078125 0.439453125 0.0419921875 0.03515625
0 0.6201171875 0.552734375 0.0380859375 0.0283203125
0 0.4208984375 0.6650390625 0.025390625 0.041015625
0 0.4248046875 0.4873046875 0.0458984375 0.02734375
0 0.69140625 0.470703125 0.029296875 0.0498046875
0 0.958984375 0.5947265625 0.0126953125 0.029296875
0 0.9697265625 0.8427734375 0.0263671875 0.03515625
0 0.7099609375 0.7255859375 0.013671875 0.0224609375
0 0.1806640625 0.873046875 0.03515625 0.0517578125
0 0.1083984375 0.8505859375 0.025390625 0.0244140625
0 0.0244140625 0.685546875 0.0283203125 0.0595703125
0 0.7470703125 0.328125 0.0537109375 0.03515625
0 0.177734375 0.857421875 0.0400390625 0.0400390625
0 0.80078125 0.2265625 0.0234375 0.0244140625
0 0.24609375 0.689453125 0.03515625 0.03515625
0 0.4765625 0.18359375 0.021484375 0.0205078125
0 0.142578125 0.2392578125 0.029296875 0.029296875