0 0.94921875 0.9248046875 0.048828125 0.0556640625
0 0.958984375 0.8017578125 0.05078125 0.0361328125
0 0.3779296875 0.7421875 0.0361328125 0.029296875
0 0.5712890625 0.271484375 0.0400390625 0.029296875
0 0.6513671875 0.1474609375 0.0263671875 0.0205078125
0 0.6142578125 0.9208984375 0.0302734375 0.0185546875
0 0.763671875 0.7666015625 0.033203125 0.03125
0 0.0283203125 0.9443359375 0.03515625 0.0439453125
0 0.953125 0.275390625 0.0283203125 0.0458984375
0 0.515625 0.8349609375 0.0419921875 0.0380859375
0 0.923828125 0.005859375 0.03125 0.01171875
0 0.3857421875 0.30859375 0.0380859375 0.0439453125
0 0.10546875 0.4033203125 0.041015625 0.0380859375