0 0.705078125 0.7568359375 0.05078125 0.0419921875
0 0.89453125 0.501953125 0.041015625 0.02734375
0 0.9140625 0.3837890625 0.037109375 0.03125
0 0.7646484375 0.330078125 0.0224609375 0.0205078125
0 0.48828125 0.51171875 0.0224609375 0.0224609375
0 0.458984375 0.77734375 0.03125 0.0302734375
0 0.755859375 0.830078125 0.0361328125 0.0419921875
0 0.8359375 0.7861328125 0.0390625 0.0244140625
0 0.705078125 0.21484375 0.0263671875 0.0283203125
0 0.4912109375 0.693359375 0.0224609375 0.0263671875
0 0.369140625 0.6103515625 0.0263671875 0.0234375
0 0.3671875 0.1484375 0.0361328125 0.029296875
0 0.9052734375 0.837890625 0.0537109375 0.03125
0 0.74609375 0.4375 0.029296875 0.0234375
0 0.564453125 0.837890625 0.0263671875 0.025390625
0 0.205078125 0.1650390625 0.025390625 0.02734375
0 0.099609375 0.037109375 0.02734375 0.025390625
0 0.7431640625 0.3857421875 0.02734375 0.0263671875
0 0.73046875 0.09375 0.02734375 0.0263671875
0 0.3974609375 0.53125 0.0341796875 0.0322265625
0 0.83203125 0.525390625 0.02734375 0.025390625
0 0.84765625 0.7109375 0.0302734375 0.033203125
0 0.3974609375 0.87890625 0.0302734375 0.033203125
0 0.810546875 0.1640625 0.0263671875 0.02734375
0 0.017578125 0.66015625 0.0283203125 0.029296875
0 0.3359375 0.296875 0.0224609375 0.0244140625
0 0.12109375 0.5546875 0.025390625 0.0244140625
0 0.025390625 0.7275390625 0.0283203125 0.0244140625
0 0.888671875 0.08984375 0.0341796875 0.03515625
0 0.3525390625 0.861328125 0.0302734375 0.029296875
0 0.3740234375 0.181640625 0.0283203125 0.0322265625
0 0.3212890625 0.833984375 0.0341796875 0.03515625
0 0.05859375 0.7861328125 0.03515625 0.03515625
0 0.970703125 0.8046875 0.0380859375 0.0390625
0 0.69140625 0.056640625 0.033203125 0.0224609375
0 0.1123046875 0.6640625 0.03125 0.03515625
0 0.326171875 0.7509765625 0.0400390625 0.03515625
0 0.7958984375 0.53515625 0.0224609375 0.0263671875
0 0.220703125 0.19140625 0.0263671875 0.021484375
0 0.8369140625 0.205078125 0.0400390625 0.0302734375
0 0.1005859375 0.453125 0.04296875 0.0380859375
0 0.9453125 0.6640625 0.0302734375 0.025390625
0 0.1708984375 0.787109375 0.03125 0.0390625
0 0.634765625 0.5361328125 0.029296875 0.021484375
0 0.228515625 0.34765625 0.0234375 0.0234375
0 0.859375 0.375 0.03125 0.01953125
0 0.0615234375 0.720703125 0.0224609375 0.0205078125
0 0.642578125 0.41015625 0.0361328125 0.0224609375
0 0.1982421875 0.1025390625 0.03515625 0.037109375
0 0.13671875 0.892578125 0.02734375 0.03125
0 0.037109375 0.087890625 0.03125 0.0390625
0 0.958984375 0.470703125 0.0283203125 0.0322265625
0 0.388671875 0.4716796875 0.025390625 0.0234375
0 0.943359375 0.130859375 0.037109375 0.0380859375
0 0.7734375 0.203125 0.0234375 0.0263671875
0 0.900390625 0.181640625 0.0185546875 0.0263671875
0 0.6376953125 0.123046875 0.0205078125 0.0224609375
0 0.23046875 0.83984375 0.0224609375 0.0244140625
0 0.7158203125 0.1650390625 0.025390625 0.021484375
0 0.171875 0.521484375 0.025390625 0.033203125
0 0.892578125 0.32421875 0.02734375 0.0244140625
0 0.673828125 0.009765625 0.021484375 0.0166015625
0 0.43359375 0.5908203125 0.0205078125 0.0263671875
0 0.0947265625 0.9365234375 0.02734375 0.0263671875
0 0.1328125 0.275390625 0.021484375 0.021484375
0 0.4423828125 0.5673828125 0.01953125 0.0234375
0 0.474609375 0.7265625 0.0234375 0.0205078125
0 0.0380859375 0.951171875 0.025390625 0.029296875
0 0.2197265625 0.4033203125 0.013671875 0.0166015625
0 0.033203125 0.15625 0.0224609375 0.029296875
0 0.42578125 0.4375 0.0146484375 0.013671875
0 0.5244140625 0.40234375 0.02734375 0.0244140625
0 0.091796875 0.4189453125 0.0283203125 0.0263671875
0 0.14453125 0.4873046875 0.0205078125 0.0263671875
0 0.2861328125 0.22265625 0.02734375 0.021484375
0 0.3359375 0.259765625 0.037109375 0.033203125
0 0.3125 0.59765625 0.0302734375 0.0302734375
0 0.611328125 0.6611328125 0.02734375 0.0390625
0 0.3798828125 0.1171875 0.037109375 0.029296875
0 0.181640625 0.1376953125 0.0205078125 0.0185546875
0 0.8173828125 0.1220703125 0.0380859375 0.0341796875
0 0.568359375 0.583984375 0.0205078125 0.0244140625
0 0.35546875 0.109375 0.0224609375 0.021484375
0 0.3662109375 0.314453125 0.0361328125 0.0341796875
0 0.26953125 0.818359375 0.0341796875 0.0341796875
0 0.50390625 0.109375 0.0283203125 0.03125
0 0.5322265625 0.126953125 0.0361328125 0.0283203125
0 0.41796875 0.2294921875 0.02734375 0.0224609375
0 0.1748046875 0.177734375 0.037109375 0.037109375