0 0.5087890625 0.08203125 0.0302734375 0.025390625
0 0.533203125 0.1240234375 0.0322265625 0.05859375
0 0.787109375 0.0703125 0.0361328125 0.0302734375
0 0.8427734375 0.2265625 0.0625 0.041015625
0 0.8623046875 0.263671875 0.0458984375 0.033203125
0 0.95703125 0.2548828125 0.05078125 0.0478515625
0 0.4775390625 0.2685546875 0.0322265625 0.08203125
0 0.9794921875 0.052734375 0.0224609375 0.0234375
0 0.984375 0.07421875 0.0224609375 0.029296875
0 0.7587890625 0.326171875 0.0263671875 0.0234375
0 0.3955078125 0.568359375 0.0458984375 0.0234375
0 0.267578125 0.603515625 0.0322265625 0.03125
0 0.1455078125 0.591796875 0.04296875 0.04296875
0 0.197265625 0.728515625 0.0458984375 0.0400390625
0 0.3779296875 0.9345703125 0.0361328125 0.0458984375
0 0.6337890625 0.9453125 0.03125 0.04296875
0 0.5263671875 0.744140625 0.0234375 0.0283203125
0 0.439453125 0.8212890625 0.0205078125 0.0302734375
0 0.37109375 0.837890625 0.0205078125 0.0283203125
0 0.3310546875 0.837890625 0.037109375 0.03515625
0 0.52734375 0.8359375 0.0322265625 0.0771484375
0 0.6689453125 0.49609375 0.03125 0.0322265625
0 0.57421875 0.42578125 0.01953125 0.05859375
0 0.8662109375 0.32421875 0.0341796875 0.033203125
0 0.6806640625 0.4169921875 0.0224609375 0.0302734375
0 0.4248046875 0.87109375 0.0458984375 0.0400390625
0 0.5224609375 0.9365234375 0.037109375 0.0400390625
0 0.916015625 0.27734375 0.029296875 0.03515625
0 0.513671875 0.958984375 0.033203125 0.037109375
0 0.439453125 0.6669921875 0.0458984375 0.0361328125
0 0.095703125 0.712890625 0.044921875 0.044921875
0 0.591796875 0.2607421875 0.0478515625 0.025390625
0 0.03125 0.365234375 0.029296875 0.0283203125
0 0.576171875 0.498046875 0.0234375 0.029296875
0 0.58984375 0.15625 0.03515625 0.0322265625
0 0.2607421875 0.4736328125 0.0283203125 0.0302734375
0 0.408203125 0.9482421875 0.015625 0.02734375
0 0.837890625 0.162109375 0.0771484375 0.0673828125
0 0.439453125 0.2236328125 0.0556640625 0.05859375
0 0.556640625 0.9150390625 0.0244140625 0.029296875
0 0.6015625 0.1796875 0.0322265625 0.0263671875
0 0.8876953125 0.37890625 0.0517578125 0.05078125
0 0.5361328125 0.630859375 0.046875 0.0595703125
0 0.107421875 0.916015625 0.02734375 0.015625
0 0.431640625 0.580078125 0.0634765625 0.0927734375
0 0.1728515625 0.142578125 0.0732421875 0.087890625
0 0.54296875 0.25390625 0.044921875 0.0615234375
0 0.8017578125 0.29296875 0.033203125 0.037109375
0 0.3857421875 0.44140625 0.0283203125 0.0263671875