0 0.662109375 0.603515625 0.056640625 0.0556640625
0 0.6513671875 0.521484375 0.037109375 0.0302734375
0 0.8203125 0.6484375 0.0576171875 0.0400390625
0 0.9755859375 0.6640625 0.037109375 0.041015625
0 0.369140625 0.05078125 0.0224609375 0.029296875
0 0.33984375 0.0947265625 0.0322265625 0.0322265625
0 0.73828125 0.7490234375 0.02734375 0.037109375
0 0.955078125 0.5654296875 0.029296875 0.021484375
0 0.8037109375 0.189453125 0.04296875 0.04296875
0 0.5498046875 0.7275390625 0.0341796875 0.033203125
0 0.38671875 0.8251953125 0.015625 0.017578125
0 0.310546875 0.4306640625 0.0234375 0.0205078125
0 0.876953125 0.322265625 0.0380859375 0.041015625
0 0.904296875 0.42578125 0.029296875 0.02734375
0 0.0546875 0.470703125 0.0400390625 0.0322265625
0 0.0517578125 0.2666015625 0.0341796875 0.0234375
0 0.244140625 0.984375 0.033203125 0.0224609375
0 0.6923828125 0.677734375 0.0380859375 0.056640625
0 0.4365234375 0.869140625 0.0205078125 0.017578125
0 0.44921875 0.4248046875 0.0224609375 0.0205078125
0 0.521484375 0.4033203125 0.0283203125 0.0185546875
0 0.4912109375 0.12890625 0.0263671875 0.025390625
0 0.0146484375 0.3046875 0.0185546875 0.021484375
0 0.677734375 0.3427734375 0.021484375 0.02734375
0 0.078125 0.2158203125 0.0263671875 0.0234375
0 0.75390625 0.5068359375 0.0302734375 0.0302734375
0 0.4951171875 0.98828125 0.0283203125 0.0224609375
0 0.48046875 0.873046875 0.0146484375 0.013671875
0 0.978515625 0.62109375 0.0244140625 0.0205078125
0 0.947265625 0.0830078125 0.04296875 0.0400390625
0 0.2001953125 0.478515625 0.0341796875 0.0224609375
0 0.353515625 0.677734375 0.0419921875 0.044921875
0 0.44140625 0.66015625 0.033203125 0.0380859375
0 0.2001953125 0.4541015625 0.02734375 0.0234375
0 0.2314453125 0.6171875 0.017578125 0.0244140625
0 0.927734375 0.5 0.033203125 0.02734375
0 0.1015625 0.3916015625 0.0302734375 0.0263671875
0 0.921875 0.6796875 0.033203125 0.033203125
0 0.052734375 0.345703125 0.037109375 0.0400390625
0 0.81640625 0.46484375 0.03125 0.0283203125
0 0.328125 0.9501953125 0.0263671875 0.0390625
0 0.330078125 0.978515625 0.015625 0.02734375
0 0.853515625 0.912109375 0.0283203125 0.025390625
0 0.744140625 0.8828125 0.02734375 0.021484375
0 0.9453125 0.056640625 0.044921875 0.0458984375
0 0.4111328125 0.3642578125 0.0341796875 0.0263671875
0 0.78515625 0.7822265625 0.052734375 0.033203125
0 0.7802734375 0.134765625 0.052734375 0.044921875
0 0.7333984375 0.5458984375 0.0537109375 0.037109375
0 0.7890625 0.5078125 0.0361328125 0.0419921875
0 0.369140625 0.17578125 0.0244140625 0.0302734375