0 0.0263671875 0.603515625 0.037109375 0.046875
0 0.05078125 0.64453125 0.02734375 0.0302734375
0 0.017578125 0.6474609375 0.025390625 0.0302734375
0 0.1298828125 0.884765625 0.0419921875 0.02734375
0 0.2197265625 0.9384765625 0.0283203125 0.025390625
0 0.0849609375 0.7734375 0.0322265625 0.025390625
0 0.126953125 0.3955078125 0.0234375 0.0224609375
0 0.1240234375 0.95703125 0.025390625 0.0185546875
0 0.1005859375 0.6201171875 0.0390625 0.05078125
0 0.1376953125 0.2138671875 0.0302734375 0.0302734375
0 0.021484375 0.2861328125 0.025390625 0.02734375
0 0.0537109375 0.818359375 0.0283203125 0.0361328125
0 0.1396484375 0.080078125 0.033203125 0.0302734375
0 0.0458984375 0.0791015625 0.0341796875 0.0283203125
0 0.0888671875 0.408203125 0.0244140625 0.0302734375
0 0.0634765625 0.49609375 0.0244140625 0.0166015625
0 0.224609375 0.369140625 0.041015625 0.03125
0 0.15234375 0.3076171875 0.01953125 0.02734375
0 0.0703125 0.2763671875 0.01953125 0.0244140625
0 0.0927734375 0.798828125 0.0244140625 0.01953125
0 0.2236328125 0.884765625 0.03515625 0.02734375