0 0.263671875 0.7275390625 0.0341796875 0.0234375
0 0.3876953125 0.720703125 0.044921875 0.03515625
0 0.380859375 0.755859375 0.025390625 0.0205078125
0 0.4306640625 0.6630859375 0.029296875 0.01953125
0 0.7900390625 0.3818359375 0.0283203125 0.03125
0 0.9052734375 0.28515625 0.0419921875 0.029296875
0 0.4990234375 0.279296875 0.03125 0.03515625
0 0.615234375 0.3193359375 0.029296875 0.025390625
0 0.615234375 0.4013671875 0.0361328125 0.025390625
0 0.42578125 0.94921875 0.0263671875 0.0263671875
0 0.744140625 0.41796875 0.03125 0.03125
0 0.7685546875 0.3984375 0.0224609375 0.033203125
0 0.7001953125 0.458984375 0.03125 0.033203125
0 0.876953125 0.30078125 0.021484375 0.0224609375
0 0.1953125 0.6318359375 0.02734375 0.0185546875
0 0.416015625 0.966796875 0.02734375 0.029296875
0 0.509765625 0.7275390625 0.025390625 0.029296875
0 0.6845703125 0.4560546875 0.01953125 0.0244140625
0 0.205078125 0.5625 0.05078125 0.0400390625
0 0.4755859375 0.8203125 0.0263671875 0.01953125
0 0.6787109375 0.2646484375 0.0361328125 0.0302734375
0 0.84765625 0.3369140625 0.0302734375 0.021484375
0 0.4326171875 0.01171875 0.0361328125 0.0224609375
0 0.7255859375 0.11328125 0.02734375 0.03515625
0 0.50390625 0.357421875 0.0263671875 0.021484375
0 0.41015625 0.380859375 0.052734375 0.0498046875
0 0.369140625 0.2041015625 0.03515625 0.03515625
0 0.4951171875 0.7470703125 0.0322265625 0.03125
0 0.259765625 0.0185546875 0.025390625 0.013671875
0 0.52734375 0.6875 0.0322265625 0.033203125
0 0.6630859375 0.4970703125 0.0322265625 0.041015625
0 0.427734375 0.9306640625 0.0224609375 0.0166015625
0 0.6435546875 0.052734375 0.0009765625 0.00390625
0 0.65625 0.044921875 0.01953125 0.0234375
0 0.564453125 0.640625 0.03125 0.0361328125
0 0.416015625 0.16015625 0.0361328125 0.04296875
0 0.396484375 0.6953125 0.0283203125 0.0205078125
0 0.4189453125 0.017578125 0.029296875 0.015625
0 0.294921875 0.802734375 0.0185546875 0.0224609375
0 0.04296875 0.5244140625 0.0234375 0.0205078125
0 0.609375 0.568359375 0.033203125 0.0341796875
0 0.357421875 0.6884765625 0.02734375 0.0283203125
0 0.51953125 0.1171875 0.041015625 0.029296875
0 0.4619140625 0.154296875 0.0244140625 0.0361328125
0 0.494140625 0.771484375 0.033203125 0.0283203125
0 0.513671875 0.705078125 0.0244140625 0.029296875
0 0.400390625 0.9765625 0.0244140625 0.029296875
0 0.33984375 0.9951171875 0.0244140625 0.0087890625
0 0.3046875 0.685546875 0.03515625 0.025390625
0 0.6015625 0.5859375 0.0302734375 0.029296875
0 0.55078125 0.6630859375 0.02734375 0.0234375
0 0.626953125 0.548828125 0.029296875 0.029296875
0 0.58203125 0.603515625 0.03515625 0.0361328125
0 0.48046875 0.2099609375 0.0498046875 0.0322265625
0 0.482421875 0.171875 0.037109375 0.0439453125
0 0.2421875 0.89453125 0.0224609375 0.0205078125
0 0.939453125 0.6630859375 0.0244140625 0.0263671875