0 0.947265625 0.0830078125 0.0615234375 0.0341796875
0 0.974609375 0.12890625 0.0498046875 0.0537109375
0 0.890625 0.369140625 0.0478515625 0.0439453125
0 0.9052734375 0.5361328125 0.0341796875 0.017578125
0 0.9375 0.4296875 0.0302734375 0.0283203125
0 0.85546875 0.42578125 0.0234375 0.03125
0 0.4521484375 0.2451171875 0.0234375 0.021484375
0 0.9296875 0.484375 0.04296875 0.0400390625
0 0.603515625 0.552734375 0.0224609375 0.0263671875
0 0.9013671875 0.11328125 0.041015625 0.033203125
0 0.4326171875 0.220703125 0.02734375 0.0302734375
0 0.46875 0.4072265625 0.0390625 0.029296875
0 0.783203125 0.1162109375 0.044921875 0.0390625
0 0.85546875 0.1279296875 0.0419921875 0.0380859375
0 0.388671875 0.6025390625 0.0380859375 0.02734375
0 0.986328125 0.373046875 0.02734375 0.02734375
0 0.94140625 0.5537109375 0.021484375 0.021484375
0 0.0556640625 0.19140625 0.04296875 0.0390625
0 0.876953125 0.0458984375 0.046875 0.0361328125
0 0.97265625 0.869140625 0.0322265625 0.0283203125