0 0.4345703125 0.021484375 0.033203125 0.0390625
0 0.8056640625 0.1572265625 0.041015625 0.041015625
0 0.220703125 0.19921875 0.03125 0.03125
0 0.2666015625 0.2978515625 0.029296875 0.0283203125
0 0.251953125 0.3486328125 0.029296875 0.0234375
0 0.2470703125 0.376953125 0.02734375 0.029296875
0 0.2587890625 0.3125 0.03125 0.0185546875
0 0.2421875 0.4072265625 0.0263671875 0.021484375
0 0.2353515625 0.423828125 0.0263671875 0.017578125
0 0.23046875 0.44140625 0.0224609375 0.0224609375
0 0.2509765625 0.361328125 0.0302734375 0.02734375
0 0.26171875 0.322265625 0.0341796875 0.0302734375
0 0.1328125 0.2744140625 0.033203125 0.0283203125
0 0.1943359375 0.5849609375 0.0361328125 0.0419921875
0 0.63671875 0.0966796875 0.052734375 0.046875
0 0.1611328125 0.720703125 0.02734375 0.029296875
0 0.17578125 0.6513671875 0.0263671875 0.0224609375
0 0.48828125 0.7880859375 0.0361328125 0.0322265625
0 0.123046875 0.8681640625 0.03515625 0.03515625
0 0.478515625 0.9658203125 0.029296875 0.029296875
0 0.1435546875 0.828125 0.03125 0.0322265625
0 0.20703125 0.5048828125 0.0205078125 0.0185546875
0 0.1533203125 0.75 0.0234375 0.0234375
0 0.6220703125 0.787109375 0.0341796875 0.0390625
0 0.146484375 0.798828125 0.0302734375 0.03125
0 0.3876953125 0.8125 0.0302734375 0.033203125
0 0.1728515625 0.673828125 0.025390625 0.0244140625
0 0.126953125 0.689453125 0.029296875 0.0263671875
0 0.3125 0.75 0.0380859375 0.0361328125
0 0.5546875 0.029296875 0.0263671875 0.021484375
0 0.5400390625 0.830078125 0.0224609375 0.021484375
0 0.2880859375 0.720703125 0.0322265625 0.02734375
0 0.109375 0.9580078125 0.044921875 0.0380859375
0 0.462890625 0.892578125 0.0185546875 0.0126953125
0 0.13671875 0.6123046875 0.01953125 0.0126953125
0 0.2119140625 0.529296875 0.0234375 0.0234375