0 0.052734375 0.5986328125 0.029296875 0.0419921875
0 0.0263671875 0.5810546875 0.0185546875 0.0322265625
0 0.0126953125 0.5966796875 0.025390625 0.02734375
0 0.12890625 0.630859375 0.025390625 0.0283203125
0 0.185546875 0.65625 0.01953125 0.0185546875
0 0.2890625 0.7119140625 0.0341796875 0.03125
0 0.58203125 0.875 0.025390625 0.0224609375
0 0.9599609375 0.64453125 0.0185546875 0.021484375
0 0.9384765625 0.06640625 0.0234375 0.0234375
0 0.54296875 0.86328125 0.0380859375 0.03515625
0 0.978515625 0.634765625 0.0244140625 0.0302734375
0 0.51953125 0.85546875 0.0166015625 0.015625
0 0.615234375 0.8955078125 0.0263671875 0.0244140625
0 0.658203125 0.9150390625 0.0390625 0.03125
0 0.7177734375 0.947265625 0.0302734375 0.029296875
0 0.5078125 0.8388671875 0.0224609375 0.0185546875
0 0.48828125 0.8291015625 0.0244140625 0.0166015625
0 0.46875 0.82421875 0.013671875 0.015625