0 0.033203125 0.517578125 0.052734375 0.0615234375
0 0.005859375 0.513671875 0.01171875 0.04296875
0 0.2197265625 0.3359375 0.021484375 0.0244140625
0 0.671875 0.875 0.0390625 0.021484375
0 0.9091796875 0.25390625 0.029296875 0.0166015625
0 0.26171875 0.2724609375 0.0166015625 0.0322265625
0 0.30859375 0.951171875 0.025390625 0.025390625
0 0.4765625 0.0673828125 0.04296875 0.0283203125
0 0.8974609375 0.58984375 0.0390625 0.0361328125
0 0.111328125 0.322265625 0.04296875 0.0390625
0 0.62890625 0.0947265625 0.0390625 0.0263671875
0 0.7578125 0.44921875 0.0224609375 0.0263671875
0 0.509765625 0.314453125 0.0185546875 0.021484375
0 0.767578125 0.4580078125 0.02734375 0.0244140625
0 0.3427734375 0.251953125 0.0400390625 0.0234375
0 0.9296875 0.21484375 0.017578125 0.025390625
0 0.41015625 0.08984375 0.0419921875 0.01953125
0 0.291015625 0.1220703125 0.029296875 0.021484375
0 0.73046875 0.1328125 0.0380859375 0.03515625
0 0.4111328125 0.5390625 0.0224609375 0.0205078125
0 0.9326171875 0.7255859375 0.0126953125 0.0234375
0 0.853515625 0.0869140625 0.0390625 0.0439453125
0 0.650390625 0.845703125 0.03125 0.0302734375
0 0.67578125 0.7021484375 0.0302734375 0.02734375
0 0.6025390625 0.26171875 0.0263671875 0.029296875
0 0.3837890625 0.8818359375 0.03125 0.025390625
0 0.4599609375 0.169921875 0.0302734375 0.0263671875
0 0.94140625 0.0263671875 0.0390625 0.0390625
0 0.416015625 0.8984375 0.025390625 0.0234375
0 0.5908203125 0.611328125 0.037109375 0.0234375
0 0.646484375 0.3046875 0.0498046875 0.0322265625
0 0.623046875 0.169921875 0.0341796875 0.015625
0 0.4638671875 0.98046875 0.04296875 0.029296875
0 0.630859375 0.4169921875 0.0458984375 0.0244140625
0 0.755859375 0.283203125 0.0263671875 0.0224609375
0 0.45703125 0.234375 0.021484375 0.017578125
0 0.771484375 0.759765625 0.0185546875 0.01953125
0 0.4873046875 0.478515625 0.033203125 0.0302734375
0 0.3369140625 0.9853515625 0.037109375 0.029296875
0 0.5322265625 0.0458984375 0.0556640625 0.0205078125
0 0.6064453125 0.12890625 0.0224609375 0.0390625
0 0.798828125 0.630859375 0.017578125 0.0166015625
0 0.3525390625 0.169921875 0.0498046875 0.03125
0 0.37890625 0.92578125 0.025390625 0.0263671875
0 0.9892578125 0.08984375 0.021484375 0.01953125
0 0.4521484375 0.833984375 0.02734375 0.017578125
0 0.73046875 0.951171875 0.0302734375 0.0244140625
0 0.5400390625 0.30078125 0.0380859375 0.0322265625
0 0.0703125 0.7978515625 0.01953125 0.0244140625
0 0.978515625 0.544921875 0.0224609375 0.0244140625
0 0.3935546875 0.6484375 0.033203125 0.02734375
0 0.6201171875 0.4892578125 0.0234375 0.0205078125
0 0.38671875 0.341796875 0.0390625 0.029296875
0 0.328125 0.2705078125 0.01953125 0.0166015625
0 0.626953125 0.7060546875 0.0341796875 0.0234375
0 0.533203125 0.4765625 0.033203125 0.0283203125
0 0.71875 0.4775390625 0.029296875 0.01953125
0 0.556640625 0.357421875 0.0380859375 0.033203125
0 0.447265625 0.806640625 0.029296875 0.029296875
0 0.8310546875 0.05859375 0.025390625 0.0283203125
0 0.6484375 0.23046875 0.0244140625 0.0205078125
0 0.607421875 0.4169921875 0.02734375 0.0234375
0 0.3671875 0.8583984375 0.033203125 0.02734375
0 0.939453125 0.513671875 0.0322265625 0.0205078125
0 0.3134765625 0.03125 0.0283203125 0.0283203125
0 0.09375 0.267578125 0.025390625 0.0185546875
0 0.791015625 0.333984375 0.0517578125 0.0361328125
0 0.87109375 0.771484375 0.0146484375 0.0185546875
0 0.5048828125 0.287109375 0.02734375 0.0185546875
0 0.908203125 0.353515625 0.0185546875 0.01953125
0 0.46484375 0.625 0.0419921875 0.021484375
0 0.7421875 0.888671875 0.0341796875 0.0234375
0 0.630859375 0.21875 0.025390625 0.01953125
0 0.91015625 0.0810546875 0.0166015625 0.0205078125
0 0.6494140625 0.767578125 0.017578125 0.0185546875
0 0.8603515625 0.2451171875 0.015625 0.015625
0 0.83203125 0.185546875 0.021484375 0.0263671875
0 0.6982421875 0.939453125 0.0322265625 0.02734375
0 0.642578125 0.6796875 0.025390625 0.02734375
0 0.31640625 0.7578125 0.0244140625 0.0263671875
0 0.9697265625 0.953125 0.0205078125 0.021484375
0 0.9921875 0.4169921875 0.0146484375 0.017578125
0 0.7578125 0.0107421875 0.025390625 0.0185546875
0 0.486328125 0.517578125 0.0224609375 0.0234375
0 0.89453125 0.83203125 0.0390625 0.033203125
0 0.4619140625 0.302734375 0.0400390625 0.02734375
0 0.5390625 0.7060546875 0.0283203125 0.0234375
0 0.953125 0.0556640625 0.0205078125 0.0263671875
0 0.3974609375 0.27734375 0.03515625 0.0341796875
0 0.791015625 0.5029296875 0.025390625 0.0244140625
0 0.3857421875 0.5537109375 0.0244140625 0.01953125
0 0.220703125 0.47265625 0.0244140625 0.015625
0 0.1044921875 0.662109375 0.0234375 0.033203125
0 0.953125 0.453125 0.0224609375 0.025390625
0 0.75390625 0.3095703125 0.0205078125 0.0185546875
0 0.73828125 0.318359375 0.0068359375 0.0185546875
0 0.2265625 0.9052734375 0.0244140625 0.0146484375
0 0.2197265625 0.9208984375 0.0263671875 0.017578125
0 0.1923828125 0.927734375 0.015625 0.0234375
0 0.51171875 0.63671875 0.017578125 0.025390625
0 0.576171875 0.6513671875 0.0166015625 0.0185546875
0 0.5537109375 0.6650390625 0.0205078125 0.0146484375
0 0.5302734375 0.658203125 0.0087890625 0.0126953125
0 0.5244140625 0.58203125 0.0126953125 0.0224609375
0 0.7880859375 0.791015625 0.01171875 0.0087890625
0 0.7724609375 0.7841796875 0.0166015625 0.0146484375
0 0.7216796875 0.2705078125 0.01171875 0.0078125
0 0.7333984375 0.2822265625 0.025390625 0.0205078125
0 0.7294921875 0.3017578125 0.01171875 0.01171875
0 0.7265625 0.3173828125 0.01171875 0.0205078125
0 0.765625 0.322265625 0.0126953125 0.015625
0 0.7763671875 0.30859375 0.017578125 0.0107421875
0 0.8828125 0.3603515625 0.0107421875 0.009765625
0 0.9375 0.3740234375 0.0146484375 0.013671875
0 0.990234375 0.30078125 0.017578125 0.0146484375
0 0.8671875 0.0068359375 0.0234375 0.013671875
0 0.921875 0.1025390625 0.015625 0.0126953125
0 0.9208984375 0.138671875 0.0126953125 0.01953125
0 0.9443359375 0.1806640625 0.01171875 0.017578125
0 0.625 0.142578125 0.015625 0.0126953125
0 0.71875 0.208984375 0.01171875 0.0107421875
0 0.7666015625 0.2255859375 0.0205078125 0.017578125
0 0.7666015625 0.25390625 0.017578125 0.015625
0 0.67578125 0.236328125 0.015625 0.01953125
0 0.91796875 0.115234375 0.0205078125 0.0126953125
0 0.9267578125 0.0537109375 0.0126953125 0.0126953125
0 0.7744140625 0.2861328125 0.0263671875 0.0146484375
0 0.982421875 0.6279296875 0.0126953125 0.0146484375
0 0.994140625 0.625 0.01171875 0.01953125
0 0.8076171875 0.7255859375 0.0224609375 0.0107421875
0 0.583984375 0.9013671875 0.017578125 0.015625
0 0.5751953125 0.9111328125 0.0107421875 0.009765625
0 0.5732421875 0.88671875 0.0107421875 0.013671875
0 0.5498046875 0.587890625 0.0263671875 0.01171875
0 0.548828125 0.599609375 0.0244140625 0.015625
0 0.5478515625 0.6171875 0.017578125 0.0185546875
0 0.53515625 0.6298828125 0.009765625 0.0107421875
0 0.6298828125 0.626953125 0.0234375 0.0166015625
0 0.87890625 0.6435546875 0.01953125 0.0244140625
0 0.8134765625 0.7373046875 0.0146484375 0.009765625
0 0.6259765625 0.7470703125 0.0166015625 0.0185546875
0 0.9150390625 0.4892578125 0.0107421875 0.017578125
0 0.46875 0.9287109375 0.0146484375 0.015625
0 0.337890625 0.0185546875 0.01953125 0.021484375
0 0.4423828125 0.0478515625 0.041015625 0.0234375
0 0.4873046875 0.134765625 0.0146484375 0.01953125
0 0.556640625 0.23046875 0.0166015625 0.0263671875
0 0.529296875 0.25390625 0.0126953125 0.0146484375
0 0.4697265625 0.2578125 0.0283203125 0.03515625
0 0.044921875 0.3876953125 0.01171875 0.013671875
0 0.02734375 0.3916015625 0.01171875 0.01171875
0 0.1552734375 0.939453125 0.015625 0.015625
0 0.2607421875 0.7958984375 0.015625 0.015625
0 0.2529296875 0.779296875 0.0205078125 0.015625
0 0.2646484375 0.7685546875 0.0078125 0.0087890625
0 0.2744140625 0.763671875 0.013671875 0.0107421875
0 0.28515625 0.8203125 0.0126953125 0.0224609375
0 0.30078125 0.80078125 0.0107421875 0.0087890625
0 0.3046875 0.8154296875 0.0166015625 0.025390625
0 0.3125 0.828125 0.0087890625 0.01171875
0 0.330078125 0.8193359375 0.01953125 0.029296875
0 0.3076171875 0.8583984375 0.015625 0.0107421875
0 0.322265625 0.84765625 0.015625 0.0185546875
0 0.26171875 0.935546875 0.0126953125 0.013671875
0 0.275390625 0.9267578125 0.0146484375 0.0166015625
0 0.2421875 0.9345703125 0.013671875 0.0146484375
0 0.2568359375 0.9208984375 0.017578125 0.0146484375
0 0.30078125 0.970703125 0.01953125 0.017578125
0 0.1865234375 0.12109375 0.0166015625 0.0244140625