0 0.7158203125 0.4619140625 0.0498046875 0.046875
0 0.5009765625 0.333984375 0.037109375 0.0224609375
0 0.5703125 0.0419921875 0.0263671875 0.0283203125
0 0.61328125 0.8935546875 0.0234375 0.0234375
0 0.6083984375 0.537109375 0.03125 0.0234375
0 0.630859375 0.0517578125 0.03125 0.0322265625
0 0.822265625 0.41015625 0.021484375 0.017578125
0 0.693359375 0.853515625 0.02734375 0.0244140625
0 0.98046875 0.92578125 0.0224609375 0.017578125
0 0.310546875 0.3427734375 0.0244140625 0.025390625
0 0.9052734375 0.904296875 0.0263671875 0.0205078125
0 0.3203125 0.130859375 0.0751953125 0.064453125