0 0.23828125 0.29296875 0.0283203125 0.013671875
0 0.2822265625 0.09765625 0.0302734375 0.0302734375
0 0.3935546875 0.373046875 0.05078125 0.0380859375
0 0.408203125 0.2490234375 0.021484375 0.0263671875
0 0.10546875 0.3251953125 0.02734375 0.0341796875
0 0.1416015625 0.416015625 0.02734375 0.0244140625
0 0.8828125 0.2041015625 0.021484375 0.0302734375
0 0.8369140625 0.3828125 0.025390625 0.0283203125
0 0.4091796875 0.6572265625 0.033203125 0.0361328125
0 0.2470703125 0.6865234375 0.0283203125 0.017578125
0 0.2578125 0.734375 0.01953125 0.0224609375
0 0.0595703125 0.755859375 0.01953125 0.0166015625
0 0.6162109375 0.1240234375 0.0224609375 0.017578125
0 0.796875 0.1259765625 0.0205078125 0.0205078125
0 0.6728515625 0.515625 0.0224609375 0.029296875
0 0.6552734375 0.6669921875 0.015625 0.0244140625
0 0.3173828125 0.447265625 0.025390625 0.048828125
0 0.421875 0.515625 0.0390625 0.02734375
0 0.4619140625 0.3076171875 0.03515625 0.025390625
0 0.365234375 0.083984375 0.0263671875 0.0185546875
0 0.0556640625 0.28515625 0.037109375 0.037109375
0 0.0966796875 0.4638671875 0.0263671875 0.03125
0 0.080078125 0.5048828125 0.0302734375 0.0263671875
0 0.2294921875 0.3564453125 0.0234375 0.0234375
0 0.2421875 0.0576171875 0.0234375 0.0146484375
0 0.53125 0.154296875 0.0234375 0.01953125
0 0.5205078125 0.322265625 0.0234375 0.033203125
0 0.548828125 0.400390625 0.0146484375 0.0263671875
0 0.4384765625 0.5498046875 0.013671875 0.025390625
0 0.7431640625 0.68359375 0.015625 0.0166015625
0 0.48828125 0.171875 0.029296875 0.025390625
0 0.2275390625 0.6611328125 0.0283203125 0.0244140625
0 0.2744140625 0.2978515625 0.0234375 0.0205078125
0 0.642578125 0.048828125 0.03515625 0.0244140625
0 0.71875 0.15234375 0.01953125 0.021484375
0 0.6328125 0.576171875 0.01953125 0.017578125
0 0.12109375 0.64453125 0.015625 0.0205078125
0 0.2578125 0.248046875 0.0322265625 0.0234375
0 0.638671875 0.4794921875 0.0283203125 0.033203125
0 0.099609375 0.2783203125 0.03125 0.033203125
0 0.095703125 0.224609375 0.0517578125 0.033203125
0 0.283203125 0.384765625 0.0341796875 0.0234375
0 0.4208984375 0.025390625 0.0244140625 0.0244140625
0 0.583984375 0.48046875 0.013671875 0.0205078125
0 0.283203125 0.353515625 0.0234375 0.02734375
0 0.92578125 0.6025390625 0.01953125 0.0166015625
0 0.048828125 0.337890625 0.029296875 0.0244140625
0 0.2041015625 0.0244140625 0.03515625 0.037109375
0 0.251953125 0.15234375 0.0244140625 0.013671875
0 0.130859375 0.3125 0.0234375 0.029296875
0 0.3125 0.38671875 0.0205078125 0.0234375
0 0.1123046875 0.50390625 0.01953125 0.0146484375
0 0.046875 0.80078125 0.0146484375 0.0185546875
0 0.29296875 0.76171875 0.0224609375 0.0185546875
0 0.2451171875 0.4833984375 0.02734375 0.0234375
0 0.501953125 0.5439453125 0.025390625 0.0234375
0 0.251953125 0.66796875 0.0234375 0.025390625
0 0.4794921875 0.830078125 0.01953125 0.0224609375
0 0.8369140625 0.015625 0.021484375 0.025390625
0 0.037109375 0.3896484375 0.017578125 0.0263671875
0 0.4150390625 0.416015625 0.0224609375 0.0146484375
0 0.1943359375 0.2177734375 0.0302734375 0.0322265625
0 0.0810546875 0.2236328125 0.0244140625 0.01953125
0 0.05859375 0.634765625 0.0185546875 0.021484375
0 0.291015625 0.1650390625 0.03125 0.029296875
0 0.0576171875 0.1318359375 0.0302734375 0.0283203125
0 0.685546875 0.04296875 0.0234375 0.01953125
0 0.46875 0.4384765625 0.0234375 0.025390625
0 0.0205078125 0.3466796875 0.0205078125 0.0224609375
0 0.9453125 0.2587890625 0.029296875 0.0185546875
0 0.716796875 0.8984375 0.0126953125 0.015625
0 0.091796875 0.6689453125 0.0126953125 0.017578125
0 0.2294921875 0.2646484375 0.015625 0.017578125
0 0.6875 0.08984375 0.0185546875 0.0166015625
0 0.205078125 0.8056640625 0.0419921875 0.03125
0 0.2275390625 0.2197265625 0.029296875 0.0380859375
0 0.916015625 0.0966796875 0.0205078125 0.0205078125
0 0.9833984375 0.427734375 0.0322265625 0.0283203125
0 0.439453125 0.4189453125 0.0166015625 0.0185546875
0 0.896484375 0.341796875 0.029296875 0.0380859375
0 0.5888671875 0.982421875 0.0185546875 0.01953125
0 0.1572265625 0.171875 0.01953125 0.0166015625
0 0.6923828125 0.880859375 0.021484375 0.0224609375
0 0.0986328125 0.0234375 0.0302734375 0.0322265625
0 0.60546875 0.45703125 0.0224609375 0.01953125
0 0.482421875 0.267578125 0.0126953125 0.015625