0 0.357421875 0.2685546875 0.04296875 0.041015625
0 0.7138671875 0.330078125 0.037109375 0.03515625
0 0.8271484375 0.4755859375 0.044921875 0.041015625
0 0.2109375 0.4130859375 0.046875 0.025390625
0 0.6689453125 0.4140625 0.03125 0.037109375
0 0.318359375 0.291015625 0.03125 0.0361328125
0 0.5791015625 0.255859375 0.0361328125 0.03125
0 0.814453125 0.3447265625 0.0458984375 0.0341796875
0 0.42578125 0.2392578125 0.0458984375 0.0419921875
0 0.1650390625 0.38671875 0.0380859375 0.0478515625
0 0.83984375 0.41015625 0.0419921875 0.025390625
0 0.025390625 0.18359375 0.03125 0.041015625
0 0.8720703125 0.068359375 0.0458984375 0.0380859375
0 0.150390625 0.482421875 0.04296875 0.0341796875
0 0.93359375 0.1533203125 0.0390625 0.0341796875
0 0.841796875 0.2958984375 0.04296875 0.037109375
0 0.4873046875 0.0703125 0.03125 0.0302734375
0 0.9228515625 0.63671875 0.046875 0.03515625
0 0.015625 0.2470703125 0.03125 0.037109375
0 0.8818359375 0.28515625 0.0302734375 0.02734375
0 0.5234375 0.34765625 0.0302734375 0.0263671875
0 0.72265625 0.529296875 0.048828125 0.04296875
0 0.6494140625 0.4921875 0.03125 0.0263671875
0 0.033203125 0.1083984375 0.033203125 0.0283203125
0 0.1298828125 0.53515625 0.0302734375 0.0263671875
0 0.36328125 0.4296875 0.0263671875 0.03515625
0 0.505859375 0.69140625 0.0302734375 0.02734375
0 0.79296875 0.544921875 0.0400390625 0.0263671875
0 0.62890625 0.62109375 0.033203125 0.0224609375
0 0.4853515625 0.634765625 0.03125 0.0263671875
0 0.3916015625 0.0419921875 0.046875 0.0322265625
0 0.0283203125 0.693359375 0.044921875 0.0419921875
0 0.7333984375 0.185546875 0.0283203125 0.0234375
0 0.564453125 0.0322265625 0.0302734375 0.0263671875
0 0.6806640625 0.2109375 0.0283203125 0.037109375
0 0.287109375 0.4619140625 0.025390625 0.0302734375
0 0.564453125 0.4462890625 0.0263671875 0.0234375
0 0.55078125 0.33203125 0.0283203125 0.0283203125
0 0.0693359375 0.12109375 0.0341796875 0.03125
0 0.318359375 0.2294921875 0.029296875 0.029296875
0 0.1474609375 0.158203125 0.0263671875 0.025390625
0 0.8564453125 0.2509765625 0.037109375 0.03515625
0 0.7099609375 0.2744140625 0.0263671875 0.0234375
0 0.1416015625 0.8974609375 0.041015625 0.0400390625
0 0.42578125 0.3583984375 0.03125 0.0234375
0 0.76171875 0.1357421875 0.03515625 0.033203125
0 0.0673828125 0.86328125 0.03515625 0.03515625
0 0.81640625 0.0439453125 0.03515625 0.044921875
0 0.53515625 0.1171875 0.0419921875 0.0224609375
0 0.626953125 0.1181640625 0.02734375 0.029296875
0 0.03515625 0.513671875 0.046875 0.02734375
0 0.49609375 0.30078125 0.029296875 0.0283203125
0 0.4111328125 0.205078125 0.03125 0.0263671875
0 0.69140625 0.650390625 0.0322265625 0.0322265625
0 0.509765625 0.2841796875 0.041015625 0.0361328125
0 0.3291015625 0.35546875 0.0302734375 0.02734375
0 0.966796875 0.4609375 0.05078125 0.0595703125
0 0.587890625 0.54296875 0.0283203125 0.0234375
0 0.0361328125 0.388671875 0.0283203125 0.0263671875
0 0.2421875 0.5185546875 0.029296875 0.0263671875
0 0.5703125 0.201171875 0.025390625 0.021484375
0 0.76953125 0.599609375 0.04296875 0.029296875
0 0.7578125 0.419921875 0.0380859375 0.0380859375
0 0.826171875 0.234375 0.029296875 0.0263671875
0 0.900390625 0.767578125 0.0283203125 0.0224609375
0 0.916015625 0.38671875 0.02734375 0.01953125
0 0.63671875 0.3876953125 0.02734375 0.0244140625
0 0.31640625 0.0546875 0.052734375 0.0361328125
0 0.673828125 0.0185546875 0.029296875 0.0263671875
0 0.22265625 0.80859375 0.03515625 0.0283203125
0 0.6279296875 0.87109375 0.0361328125 0.0283203125
0 0.884765625 0.1376953125 0.0361328125 0.03515625
0 0.2197265625 0.1103515625 0.037109375 0.0263671875
0 0.65625 0.69921875 0.046875 0.0419921875
0 0.21484375 0.3857421875 0.0302734375 0.0263671875
0 0.353515625 0.1796875 0.037109375 0.0244140625
0 0.2705078125 0.06640625 0.0458984375 0.0322265625
0 0.2685546875 0.091796875 0.044921875 0.0302734375
0 0.935546875 0.1044921875 0.029296875 0.0322265625
0 0.0283203125 0.8720703125 0.033203125 0.03125
0 0.236328125 0.90234375 0.025390625 0.0224609375
0 0.2978515625 0.638671875 0.02734375 0.025390625
0 0.4189453125 0.419921875 0.02734375 0.0244140625
0 0.396484375 0.16015625 0.0283203125 0.0224609375
0 0.986328125 0.51953125 0.02734375 0.03125
0 0.748046875 0.8671875 0.029296875 0.0263671875
0 0.9755859375 0.0224609375 0.037109375 0.0283203125
0 0.40234375 0.796875 0.0283203125 0.025390625
0 0.60546875 0.0830078125 0.0439453125 0.0341796875
0 0.1826171875 0.66796875 0.0234375 0.021484375
0 0.1494140625 0.02734375 0.03125 0.029296875
0 0.271484375 0.716796875 0.0224609375 0.0224609375
0 0.9658203125 0.31640625 0.0263671875 0.0234375
0 0.8984375 0.5546875 0.041015625 0.0322265625
0 0.275390625 0.837890625 0.0302734375 0.025390625
0 0.7666015625 0.75 0.0390625 0.0498046875
0 0.68359375 0.521484375 0.03515625 0.0283203125
0 0.572265625 0.220703125 0.025390625 0.0234375
0 0.234375 0.080078125 0.0380859375 0.02734375
0 0.1083984375 0.701171875 0.0283203125 0.0205078125
0 0.14453125 0.56640625 0.02734375 0.02734375
0 0.84765625 0.0078125 0.04296875 0.015625
0 0.724609375 0.0361328125 0.0244140625 0.0205078125
0 0.21875 0.15234375 0.0537109375 0.0517578125
0 0.716796875 0.681640625 0.0244140625 0.0302734375
0 0.9677734375 0.8408203125 0.03125 0.025390625
0 0.8046875 0.501953125 0.0390625 0.0263671875
0 0.927734375 0.666015625 0.037109375 0.0283203125
0 0.2578125 0.3515625 0.0234375 0.0234375
0 0.9814453125 0.5576171875 0.0302734375 0.0185546875
0 0.4765625 0.73046875 0.0224609375 0.01953125
0 0.5625 0.650390625 0.0283203125 0.025390625
0 0.1298828125 0.2080078125 0.0244140625 0.01953125
0 0.107421875 0.806640625 0.0244140625 0.021484375
0 0.201171875 0.75 0.03515625 0.025390625
0 0.7255859375 0.146484375 0.0361328125 0.0341796875
0 0.1826171875 0.53515625 0.0205078125 0.02734375
0 0.8193359375 0.1474609375 0.025390625 0.015625
0 0.90625 0.31640625 0.01953125 0.0205078125
0 0.78515625 0.1064453125 0.0185546875 0.0205078125
0 0.7587890625 0.076171875 0.0166015625 0.0234375
0 0.880859375 0.2197265625 0.0185546875 0.01953125
0 0.9892578125 0.201171875 0.017578125 0.0185546875
0 0.9775390625 0.220703125 0.01953125 0.0126953125
0 0.3994140625 0.365234375 0.0185546875 0.0234375
0 0.384765625 0.380859375 0.0146484375 0.015625
0 0.3701171875 0.3701171875 0.017578125 0.0205078125
0 0.3583984375 0.3505859375 0.0146484375 0.017578125
0 0.353515625 0.33203125 0.0234375 0.017578125
0 0.3466796875 0.3037109375 0.0166015625 0.025390625
0 0.3427734375 0.7099609375 0.013671875 0.0224609375
0 0.607421875 0.572265625 0.0400390625 0.0234375
0 0.6279296875 0.5322265625 0.0224609375 0.021484375
0 0.5078125 0.4716796875 0.01953125 0.015625
0 0.56640625 0.4169921875 0.013671875 0.0146484375
0 0.5615234375 0.4013671875 0.0224609375 0.01171875
0 0.884765625 0.5859375 0.021484375 0.021484375
0 0.9716796875 0.2509765625 0.017578125 0.013671875
0 0.96875 0.1298828125 0.02734375 0.0205078125
0 0.9677734375 0.1767578125 0.0224609375 0.0185546875
0 0.9130859375 0.185546875 0.021484375 0.021484375
0 0.9287109375 0.03515625 0.0185546875 0.0146484375
0 0.75390625 0.01953125 0.0341796875 0.0146484375
0 0.533203125 0.0556640625 0.0205078125 0.0224609375
0 0.1494140625 0.0654296875 0.0234375 0.0146484375
0 0.1083984375 0.0283203125 0.02734375 0.0205078125
0 0.07421875 0.0283203125 0.0244140625 0.0126953125
0 0.134765625 0.0498046875 0.017578125 0.013671875
0 0.8525390625 0.3251953125 0.021484375 0.013671875
0 0.802734375 0.2763671875 0.01953125 0.021484375
0 0.5810546875 0.126953125 0.0185546875 0.017578125
0 0.4013671875 0.0078125 0.0263671875 0.015625
0 0.2626953125 0.005859375 0.0234375 0.01171875
0 0.1494140625 0.00390625 0.017578125 0.0078125
0 0.0400390625 0.0283203125 0.0126953125 0.0146484375
0 0.142578125 0.431640625 0.017578125 0.021484375
0 0.1357421875 0.3095703125 0.01171875 0.0107421875
0 0.0048828125 0.3935546875 0.009765625 0.017578125
0 0.009765625 0.5625 0.01953125 0.021484375
0 0.0166015625 0.5859375 0.0205078125 0.0126953125
0 0.169921875 0.587890625 0.0166015625 0.015625
0 0.4755859375 0.501953125 0.017578125 0.0146484375
0 0.2119140625 0.7119140625 0.01953125 0.013671875
0 0.1513671875 0.662109375 0.021484375 0.02734375
0 0.5537109375 0.953125 0.01953125 0.0185546875
0 0.87109375 0.8291015625 0.0185546875 0.0107421875
0 0.8583984375 0.853515625 0.0185546875 0.0185546875
0 0.9716796875 0.63671875 0.015625 0.0185546875
0 0.97265625 0.5986328125 0.01171875 0.0126953125
0 0.9140625 0.6005859375 0.0146484375 0.013671875
0 0.76953125 0.5087890625 0.015625 0.0166015625
0 0.9501953125 0.6103515625 0.021484375 0.015625
0 0.6044921875 0.0341796875 0.0166015625 0.01953125
0 0.1162109375 0.4765625 0.0185546875 0.017578125