0 0.3525390625 0.3447265625 0.041015625 0.037109375
0 0.4140625 0.4033203125 0.02734375 0.029296875
0 0.6572265625 0.5732421875 0.056640625 0.048828125
0 0.181640625 0.677734375 0.03125 0.033203125
0 0.51953125 0.666015625 0.0341796875 0.0283203125
0 0.205078125 0.44921875 0.0322265625 0.0185546875
0 0.3134765625 0.4521484375 0.064453125 0.0478515625
0 0.5009765625 0.6142578125 0.03125 0.0185546875
0 0.3818359375 0.546875 0.03515625 0.033203125
0 0.224609375 0.5400390625 0.017578125 0.021484375
0 0.2626953125 0.5498046875 0.01953125 0.0234375
0 0.3642578125 0.6484375 0.0458984375 0.056640625
0 0.2001953125 0.8486328125 0.0302734375 0.0283203125
0 0.453125 0.8955078125 0.033203125 0.0283203125
0 0.623046875 0.7080078125 0.025390625 0.029296875
0 0.6005859375 0.7119140625 0.025390625 0.025390625