0 0.5166015625 0.1884765625 0.0693359375 0.046875
0 0.181640625 0.4755859375 0.0166015625 0.0166015625
0 0.6669921875 0.677734375 0.0205078125 0.033203125
0 0.5302734375 0.4638671875 0.0146484375 0.0146484375
0 0.587890625 0.8203125 0.0146484375 0.01953125
0 0.0556640625 0.37890625 0.02734375 0.015625
0 0.638671875 0.783203125 0.017578125 0.0322265625
0 0.6298828125 0.60546875 0.0185546875 0.0205078125
0 0.2744140625 0.45703125 0.0224609375 0.0234375
0 0.927734375 0.521484375 0.025390625 0.0263671875
0 0.2646484375 0.3369140625 0.013671875 0.0146484375
0 0.0517578125 0.630859375 0.015625 0.021484375
0 0.3623046875 0.1806640625 0.021484375 0.021484375
0 0.3984375 0.423828125 0.044921875 0.0390625
0 0.275390625 0.2666015625 0.0283203125 0.02734375
0 0.26171875 0.580078125 0.03125 0.033203125
0 0.0400390625 0.255859375 0.03125 0.02734375
0 0.5859375 0.4296875 0.0283203125 0.01953125
0 0.7529296875 0.365234375 0.01953125 0.0185546875
0 0.861328125 0.630859375 0.0185546875 0.01953125
0 0.833984375 0.619140625 0.0234375 0.0224609375
0 0.455078125 0.658203125 0.0146484375 0.0107421875
0 0.384765625 0.572265625 0.017578125 0.0283203125
0 0.2958984375 0.5380859375 0.033203125 0.0439453125
0 0.0087890625 0.755859375 0.0166015625 0.015625
0 0.703125 0.1376953125 0.029296875 0.04296875
0 0.099609375 0.5947265625 0.0146484375 0.015625
0 0.8671875 0.373046875 0.029296875 0.03515625
0 0.7568359375 0.6826171875 0.0224609375 0.0224609375
0 0.76953125 0.76171875 0.0390625 0.037109375
0 0.9697265625 0.724609375 0.03515625 0.033203125
0 0.0380859375 0.201171875 0.033203125 0.0283203125
0 0.478515625 0.0908203125 0.0166015625 0.015625
0 0.794921875 0.03125 0.0419921875 0.04296875
0 0.546875 0.234375 0.0390625 0.0283203125
0 0.3896484375 0.1953125 0.02734375 0.0283203125
0 0.953125 0.48046875 0.013671875 0.0126953125
0 0.845703125 0.626953125 0.0166015625 0.0166015625
0 0.23046875 0.71484375 0.03515625 0.0302734375
0 0.84375 0.12109375 0.0302734375 0.0302734375
0 0.212890625 0.67578125 0.0244140625 0.0302734375
0 0.15625 0.1494140625 0.0322265625 0.03125
0 0.521484375 0.5712890625 0.0234375 0.0146484375
0 0.19921875 0.271484375 0.021484375 0.01953125
0 0.541015625 0.1640625 0.015625 0.0224609375
0 0.7421875 0.28125 0.0146484375 0.017578125
0 0.474609375 0.1015625 0.03515625 0.0390625
0 0.7822265625 0.3662109375 0.0751953125 0.0400390625
0 0.603515625 0.1533203125 0.0205078125 0.0361328125
0 0.2666015625 0.810546875 0.0126953125 0.013671875
0 0.39453125 0.98046875 0.021484375 0.0283203125
0 0.0654296875 0.515625 0.0380859375 0.05078125
0 0.1630859375 0.7529296875 0.0302734375 0.0400390625
0 0.14453125 0.806640625 0.0107421875 0.013671875
0 0.6328125 0.720703125 0.01171875 0.0166015625
0 0.31640625 0.1826171875 0.013671875 0.0126953125
0 0.853515625 0.173828125 0.0146484375 0.0166015625
0 0.609375 0.48046875 0.03125 0.0205078125
0 0.55078125 0.453125 0.0244140625 0.0224609375
0 0.5322265625 0.095703125 0.01171875 0.017578125
0 0.0107421875 0.197265625 0.015625 0.0146484375
0 0.916015625 0.0546875 0.05078125 0.0732421875