0 0.666015625 0.212890625 0.04296875 0.0390625
0 0.2216796875 0.6337890625 0.029296875 0.044921875
0 0.2734375 0.638671875 0.0390625 0.04296875
0 0.3984375 0.6826171875 0.03125 0.029296875
0 0.150390625 0.1259765625 0.0341796875 0.029296875
0 0.859375 0.064453125 0.037109375 0.029296875
0 0.4228515625 0.65234375 0.0244140625 0.0263671875
0 0.353515625 0.818359375 0.01953125 0.0185546875
0 0.1396484375 0.4560546875 0.025390625 0.021484375
0 0.1474609375 0.03125 0.0380859375 0.0341796875
0 0.416015625 0.29296875 0.0419921875 0.044921875
0 0.98046875 0.5712890625 0.0185546875 0.017578125
0 0.64453125 0.037109375 0.0400390625 0.0361328125
0 0.09765625 0.236328125 0.0341796875 0.03515625
0 0.251953125 0.578125 0.0244140625 0.02734375
0 0.7109375 0.326171875 0.0302734375 0.02734375
0 0.689453125 0.75 0.017578125 0.0185546875
0 0.0927734375 0.453125 0.0322265625 0.0322265625
0 0.884765625 0.513671875 0.0244140625 0.033203125
0 0.8642578125 0.83984375 0.0341796875 0.0283203125
0 0.763671875 0.138671875 0.0361328125 0.03515625
0 0.4912109375 0.70703125 0.0341796875 0.03125
0 0.900390625 0.0146484375 0.0244140625 0.0224609375
0 0.2919921875 0.41796875 0.0322265625 0.0361328125
0 0.9833984375 0.1689453125 0.0224609375 0.017578125
0 0.9580078125 0.244140625 0.021484375 0.03125
0 0.6142578125 0.2724609375 0.0166015625 0.0166015625
0 0.4697265625 0.447265625 0.0302734375 0.0166015625
0 0.458984375 0.4580078125 0.0224609375 0.01171875
0 0.4541015625 0.474609375 0.017578125 0.01171875
0 0.453125 0.4990234375 0.0341796875 0.02734375
0 0.423828125 0.5322265625 0.0224609375 0.0224609375
0 0.2177734375 0.380859375 0.0234375 0.013671875
0 0.1650390625 0.4052734375 0.0263671875 0.017578125
0 0.2490234375 0.5537109375 0.029296875 0.0185546875
0 0.2138671875 0.5615234375 0.013671875 0.0146484375
0 0.3349609375 0.6376953125 0.0146484375 0.0146484375
0 0.1103515625 0.728515625 0.021484375 0.03125
0 0.0478515625 0.478515625 0.0205078125 0.015625
0 0.5400390625 0.21875 0.0283203125 0.0234375
0 0.517578125 0.2353515625 0.02734375 0.01953125
0 0.8681640625 0.220703125 0.029296875 0.025390625
0 0.939453125 0.36328125 0.0185546875 0.013671875
0 0.58984375 0.373046875 0.0107421875 0.0205078125
0 0.669921875 0.34765625 0.0234375 0.0185546875
0 0.8232421875 0.5634765625 0.0205078125 0.0185546875
0 0.6728515625 0.6201171875 0.025390625 0.0224609375
0 0.7607421875 0.728515625 0.0166015625 0.0107421875
0 0.7265625 0.8173828125 0.013671875 0.01953125
0 0.6201171875 0.84375 0.0224609375 0.0166015625
0 0.236328125 0.7373046875 0.0185546875 0.015625
0 0.3056640625 0.7607421875 0.0205078125 0.017578125
0 0.6005859375 0.296875 0.0146484375 0.013671875
0 0.4248046875 0.1005859375 0.013671875 0.013671875
0 0.466796875 0.076171875 0.0166015625 0.021484375