0 0.724609375 0.583984375 0.025390625 0.0341796875
0 0.953125 0.0361328125 0.044921875 0.0537109375
0 0.6572265625 0.5244140625 0.0263671875 0.0244140625
0 0.5888671875 0.5224609375 0.0234375 0.02734375
0 0.2353515625 0.3076171875 0.041015625 0.05078125
0 0.1669921875 0.1708984375 0.0205078125 0.033203125
0 0.9619140625 0.474609375 0.0400390625 0.0322265625
0 0.955078125 0.5595703125 0.03515625 0.0419921875
0 0.845703125 0.2333984375 0.029296875 0.03125
0 0.796875 0.8720703125 0.0234375 0.041015625
0 0.03515625 0.0576171875 0.04296875 0.0400390625