0 0.4609375 0.4609375 0.05078125 0.046875
0 0.919921875 0.3916015625 0.02734375 0.025390625
0 0.8310546875 0.3408203125 0.029296875 0.021484375
0 0.6513671875 0.5 0.048828125 0.02734375
0 0.2587890625 0.7109375 0.044921875 0.04296875
0 0.19140625 0.7060546875 0.0390625 0.044921875
0 0.8291015625 0.7783203125 0.037109375 0.033203125
0 0.6533203125 0.9482421875 0.033203125 0.033203125
0 0.8583984375 0.8515625 0.0234375 0.02734375
0 0.4599609375 0.759765625 0.0244140625 0.017578125
0 0.9775390625 0.61328125 0.021484375 0.025390625
0 0.35546875 0.6318359375 0.0244140625 0.0302734375
0 0.38671875 0.361328125 0.0322265625 0.0341796875
0 0.3291015625 0.10546875 0.025390625 0.0205078125
0 0.255859375 0.107421875 0.0322265625 0.0244140625
0 0.8369140625 0.5673828125 0.03515625 0.0341796875
0 0.798828125 0.873046875 0.0234375 0.021484375
0 0.51953125 0.857421875 0.0234375 0.025390625
0 0.8955078125 0.1064453125 0.0234375 0.0234375
0 0.779296875 0.373046875 0.017578125 0.017578125