0 0.8037109375 0.0546875 0.0224609375 0.025390625
0 0.7451171875 0.111328125 0.037109375 0.0205078125
0 0.0185546875 0.5869140625 0.0302734375 0.0302734375
0 0.2236328125 0.828125 0.029296875 0.0263671875
0 0.240234375 0.9462890625 0.0322265625 0.0322265625
0 0.5546875 0.84765625 0.017578125 0.0205078125
0 0.099609375 0.8154296875 0.0224609375 0.0263671875
0 0.8232421875 0.3369140625 0.03515625 0.03515625
0 0.91015625 0.1806640625 0.0166015625 0.0205078125
0 0.712890625 0.8466796875 0.0244140625 0.0244140625
0 0.6875 0.978515625 0.0244140625 0.021484375
0 0.5126953125 0.8935546875 0.017578125 0.01171875
0 0.72265625 0.341796875 0.0166015625 0.0166015625
0 0.470703125 0.7958984375 0.0205078125 0.0244140625
0 0.5234375 0.8623046875 0.0126953125 0.0166015625