0 0.1083984375 0.0537109375 0.0380859375 0.0498046875
0 0.1025390625 0.0986328125 0.0322265625 0.0234375
0 0.1005859375 0.1513671875 0.02734375 0.0380859375
0 0.0927734375 0.1982421875 0.015625 0.0341796875
0 0.08984375 0.2392578125 0.0322265625 0.0361328125
0 0.0859375 0.265625 0.0341796875 0.03125
0 0.08984375 0.4072265625 0.0224609375 0.0546875
0 0.0966796875 0.455078125 0.037109375 0.0283203125
0 0.1015625 0.486328125 0.046875 0.029296875
0 0.09765625 0.5400390625 0.03515625 0.0458984375
0 0.474609375 0.064453125 0.04296875 0.05078125