0 0.880859375 0.1591796875 0.044921875 0.0390625
0 0.62109375 0.232421875 0.037109375 0.0283203125
0 0.32421875 0.466796875 0.052734375 0.0478515625
0 0.7138671875 0.6201171875 0.044921875 0.033203125
0 0.8232421875 0.7275390625 0.0419921875 0.0302734375
0 0.6103515625 0.3828125 0.044921875 0.0498046875
0 0.716796875 0.40625 0.0390625 0.03125
0 0.80859375 0.765625 0.0283203125 0.021484375
0 0.876953125 0.689453125 0.0283203125 0.021484375
0 0.90625 0.7265625 0.025390625 0.021484375
0 0.9375 0.61328125 0.0263671875 0.0224609375
0 0.5302734375 0.7294921875 0.025390625 0.02734375
0 0.556640625 0.685546875 0.021484375 0.0185546875
0 0.6982421875 0.828125 0.0244140625 0.0224609375
0 0.5859375 0.78515625 0.021484375 0.025390625
0 0.6962890625 0.76953125 0.0263671875 0.0263671875
0 0.6796875 0.2646484375 0.0234375 0.0205078125
0 0.9423828125 0.751953125 0.033203125 0.0283203125
0 0.984375 0.44140625 0.03125 0.0302734375
0 0.826171875 0.94921875 0.03125 0.02734375
0 0.1142578125 0.20703125 0.021484375 0.025390625
0 0.654296875 0.03515625 0.0224609375 0.033203125
0 0.708984375 0.4658203125 0.0322265625 0.02734375
0 0.572265625 0.75 0.01953125 0.0234375
0 0.70703125 0.9423828125 0.0224609375 0.0224609375
0 0.85546875 0.380859375 0.0263671875 0.0234375
0 0.845703125 0.4482421875 0.0234375 0.0244140625
0 0.85546875 0.3251953125 0.02734375 0.0244140625
0 0.646484375 0.859375 0.0234375 0.021484375
0 0.296875 0.16796875 0.0205078125 0.01953125
0 0.814453125 0.2294921875 0.0400390625 0.0478515625
0 0.9140625 0.630859375 0.0283203125 0.025390625
0 0.732421875 0.1240234375 0.05078125 0.0419921875
0 0.490234375 0.6787109375 0.025390625 0.0283203125
0 0.970703125 0.548828125 0.02734375 0.0283203125
0 0.466796875 0.658203125 0.0224609375 0.0224609375
0 0.8671875 0.0771484375 0.03125 0.033203125
0 0.435546875 0.6845703125 0.0322265625 0.0234375
0 0.607421875 0.0498046875 0.025390625 0.0341796875
0 0.86328125 0.5361328125 0.0234375 0.0234375
0 0.6328125 0.146484375 0.048828125 0.048828125
0 0.787109375 0.7158203125 0.0263671875 0.021484375
0 0.9365234375 0.48046875 0.0283203125 0.025390625
0 0.0126953125 0.1474609375 0.0244140625 0.037109375
0 0.951171875 0.8544921875 0.0302734375 0.029296875
0 0.927734375 0.8134765625 0.03125 0.033203125
0 0.3046875 0.71875 0.033203125 0.0224609375
0 0.79296875 0.9794921875 0.0234375 0.029296875
0 0.021484375 0.4287109375 0.025390625 0.0185546875
0 0.876953125 0.931640625 0.01953125 0.0205078125
0 0.4794921875 0.703125 0.01953125 0.0234375
0 0.779296875 0.1943359375 0.025390625 0.021484375
0 0.7392578125 0.208984375 0.03125 0.029296875
0 0.353515625 0.666015625 0.015625 0.0205078125
0 0.845703125 0.1806640625 0.0302734375 0.0361328125
0 0.259765625 0.2587890625 0.02734375 0.029296875
0 0.6572265625 0.720703125 0.01953125 0.0244140625
0 0.89453125 0.5205078125 0.0205078125 0.0322265625
0 0.7587890625 0.0947265625 0.03125 0.0244140625
0 0.205078125 0.6142578125 0.0341796875 0.044921875
0 0.2001953125 0.0751953125 0.0263671875 0.033203125
0 0.6025390625 0.326171875 0.02734375 0.02734375
0 0.8583984375 0.23046875 0.021484375 0.0205078125
0 0.6328125 0.78125 0.0380859375 0.0478515625
0 0.783203125 0.8359375 0.0478515625 0.0400390625
0 0.15234375 0.3408203125 0.0263671875 0.0302734375
0 0.779296875 0.43359375 0.0390625 0.0341796875
0 0.0830078125 0.0576171875 0.0322265625 0.033203125
0 0.9873046875 0.51953125 0.0244140625 0.033203125
0 0.357421875 0.2509765625 0.0380859375 0.0244140625
0 0.5654296875 0.412109375 0.037109375 0.0302734375
0 0.115234375 0.0966796875 0.0390625 0.03125
0 0.994140625 0.625 0.01171875 0.03125
0 0.3681640625 0.2197265625 0.0341796875 0.0283203125
0 0.296875 0.75 0.01953125 0.0234375
0 0.283203125 0.9677734375 0.0322265625 0.0361328125
0 0.54296875 0.234375 0.0234375 0.0263671875
0 0.859375 0.2080078125 0.0224609375 0.0224609375
0 0.6015625 0.16796875 0.0185546875 0.0185546875
0 0.2177734375 0.18359375 0.0439453125 0.03125
0 0.88671875 0.3798828125 0.0341796875 0.0341796875
0 0.623046875 0.90625 0.0244140625 0.0224609375
0 0.4287109375 0.216796875 0.0263671875 0.01953125
0 0.619140625 0.1337890625 0.017578125 0.0234375
0 0.1083984375 0.51953125 0.0224609375 0.02734375
0 0.671875 0.564453125 0.033203125 0.03125
0 0.3564453125 0.0986328125 0.0244140625 0.0185546875
0 0.1630859375 0.62109375 0.0224609375 0.0234375
0 0.6640625 0.6943359375 0.021484375 0.0244140625
0 0.98828125 0.3232421875 0.0234375 0.0322265625
0 0.1748046875 0.4296875 0.01953125 0.0185546875
0 0.1806640625 0.572265625 0.029296875 0.029296875
0 0.4521484375 0.4443359375 0.0205078125 0.0244140625
0 0.5498046875 0.921875 0.0224609375 0.0244140625
0 0.697265625 0.9814453125 0.0234375 0.037109375
0 0.4365234375 0.873046875 0.037109375 0.033203125
0 0.884765625 0.822265625 0.0283203125 0.0302734375
0 0.9609375 0.3125 0.025390625 0.0439453125
0 0.185546875 0.134765625 0.0439453125 0.0615234375
0 0.255859375 0.1103515625 0.041015625 0.0302734375
0 0.4384765625 0.0537109375 0.017578125 0.01953125
0 0.099609375 0.90234375 0.037109375 0.0283203125
0 0.74609375 0.978515625 0.0205078125 0.0224609375
0 0.5 0.6220703125 0.03515625 0.017578125
0 0.015625 0.8916015625 0.0224609375 0.0244140625
0 0.279296875 0.3447265625 0.025390625 0.033203125
0 0.39453125 0.0576171875 0.02734375 0.03515625
0 0.0537109375 0.05859375 0.0244140625 0.0244140625
0 0.556640625 0.3388671875 0.0341796875 0.0517578125
0 0.296875 0.9013671875 0.021484375 0.0263671875
0 0.7861328125 0.2783203125 0.015625 0.021484375
0 0.4892578125 0.095703125 0.044921875 0.06640625
0 0.46875 0.826171875 0.025390625 0.029296875
0 0.7685546875 0.26171875 0.01953125 0.02734375
0 0.9765625 0.970703125 0.037109375 0.0458984375
0 0.3427734375 0.724609375 0.033203125 0.0283203125
0 0.98828125 0.5869140625 0.0166015625 0.017578125
0 0.3466796875 0.0107421875 0.0205078125 0.021484375
0 0.5234375 0.1357421875 0.033203125 0.017578125
0 0.845703125 0.6376953125 0.025390625 0.0224609375
0 0.705078125 0.1708984375 0.025390625 0.021484375
0 0.8916015625 0.0732421875 0.0224609375 0.03125
0 0.7265625 0.212890625 0.0166015625 0.017578125
0 0.771484375 0.595703125 0.0185546875 0.017578125
0 0.271484375 0.53515625 0.015625 0.01953125
0 0.0185546875 0.107421875 0.0166015625 0.0146484375
0 0.197265625 0.064453125 0.0185546875 0.015625
0 0.638671875 0.2080078125 0.0224609375 0.0205078125
0 0.4658203125 0.0068359375 0.0205078125 0.0126953125
0 0.642578125 0.33984375 0.013671875 0.0224609375
0 0.9892578125 0.818359375 0.021484375 0.060546875