0 0.5810546875 0.859375 0.076171875 0.05078125
0 0.3662109375 0.396484375 0.060546875 0.0390625
0 0.8984375 0.439453125 0.013671875 0.017578125
0 0.4208984375 0.5419921875 0.021484375 0.021484375
0 0.7529296875 0.916015625 0.013671875 0.0126953125
0 0.236328125 0.478515625 0.01953125 0.01953125
0 0.94140625 0.9345703125 0.025390625 0.021484375
0 0.1669921875 0.294921875 0.076171875 0.0654296875
0 0.9462890625 0.53125 0.03125 0.0205078125
0 0.2822265625 0.2109375 0.0234375 0.025390625
0 0.4677734375 0.78515625 0.0107421875 0.013671875
0 0.4638671875 0.484375 0.013671875 0.0146484375
0 0.67578125 0.7255859375 0.01953125 0.0185546875
0 0.865234375 0.58984375 0.0283203125 0.017578125
0 0.73046875 0.4609375 0.033203125 0.037109375
0 0.427734375 0.626953125 0.033203125 0.0283203125