0 0.0283203125 0.369140625 0.0390625 0.0556640625
0 0.1435546875 0.4091796875 0.0439453125 0.0302734375
0 0.056640625 0.509765625 0.05078125 0.0439453125
0 0.0869140625 0.5888671875 0.05078125 0.0322265625
0 0.203125 0.86328125 0.03125 0.01953125
0 0.21875 0.9189453125 0.0439453125 0.0302734375
0 0.267578125 0.904296875 0.03125 0.0283203125
0 0.314453125 0.9150390625 0.03125 0.03125
0 0.2080078125 0.7861328125 0.0341796875 0.0322265625
0 0.337890625 0.4541015625 0.0234375 0.0224609375
0 0.4736328125 0.95703125 0.03125 0.0283203125
0 0.111328125 0.7255859375 0.033203125 0.0537109375
0 0.15234375 0.6376953125 0.0234375 0.046875