0 0.7431640625 0.5478515625 0.02734375 0.037109375
0 0.5673828125 0.4638671875 0.0126953125 0.017578125
0 0.8525390625 0.83203125 0.0224609375 0.0234375
0 0.73828125 0.703125 0.02734375 0.029296875
0 0.619140625 0.7880859375 0.029296875 0.02734375
0 0.5703125 0.7158203125 0.029296875 0.021484375
0 0.552734375 0.7802734375 0.025390625 0.025390625
0 0.5263671875 0.62109375 0.0224609375 0.03125
0 0.5185546875 0.7587890625 0.021484375 0.025390625
0 0.77734375 0.5771484375 0.017578125 0.0185546875
0 0.619140625 0.482421875 0.0244140625 0.017578125
0 0.6826171875 0.7099609375 0.0302734375 0.029296875
0 0.6611328125 0.685546875 0.0166015625 0.02734375