0 0.4306640625 0.1044921875 0.041015625 0.041015625
0 0.30859375 0.2197265625 0.0234375 0.017578125
0 0.3857421875 0.357421875 0.052734375 0.03125
0 0.6474609375 0.3701171875 0.017578125 0.021484375
0 0.521484375 0.2890625 0.0166015625 0.0166015625
0 0.2646484375 0.2314453125 0.017578125 0.013671875
0 0.68359375 0.1484375 0.0419921875 0.0322265625
0 0.5048828125 0.2763671875 0.017578125 0.0166015625
0 0.50390625 0.150390625 0.037109375 0.02734375
0 0.19921875 0.779296875 0.0400390625 0.0380859375
0 0.7060546875 0.400390625 0.041015625 0.03515625
0 0.40625 0.3798828125 0.0439453125 0.0419921875
0 0.087890625 0.427734375 0.03515625 0.0283203125
0 0.1005859375 0.34375 0.01953125 0.0263671875
0 0.83203125 0.8095703125 0.0146484375 0.0244140625
0 0.7275390625 0.1796875 0.0390625 0.0263671875
0 0.20703125 0.736328125 0.03515625 0.0322265625
0 0.029296875 0.1650390625 0.021484375 0.0244140625
0 0.29296875 0.5048828125 0.03515625 0.033203125
0 0.1796875 0.40234375 0.0302734375 0.013671875
0 0.0947265625 0.150390625 0.0146484375 0.0146484375
0 0.4775390625 0.0625 0.02734375 0.03125
0 0.1064453125 0.509765625 0.025390625 0.0244140625
0 0.294921875 0.76171875 0.0322265625 0.0263671875
0 0.58984375 0.3291015625 0.0166015625 0.0166015625
0 0.1181640625 0.630859375 0.01953125 0.0224609375
0 0.4912109375 0.955078125 0.046875 0.03515625
0 0.3203125 0.17578125 0.0302734375 0.0302734375
0 0.4794921875 0.099609375 0.029296875 0.033203125
0 0.630859375 0.4248046875 0.01953125 0.01953125
0 0.337890625 0.59765625 0.0205078125 0.0283203125
0 0.8984375 0.337890625 0.029296875 0.0244140625
0 0.330078125 0.953125 0.033203125 0.025390625
0 0.158203125 0.2705078125 0.0283203125 0.0244140625
0 0.53515625 0.921875 0.03515625 0.029296875
0 0.892578125 0.97265625 0.0390625 0.0234375
0 0.97265625 0.34375 0.0361328125 0.0205078125
0 0.0458984375 0.259765625 0.0283203125 0.01953125
0 0.92578125 0.279296875 0.0322265625 0.0234375
0 0.3994140625 0.6875 0.0205078125 0.01953125
0 0.7216796875 0.2822265625 0.02734375 0.025390625
0 0.47265625 0.189453125 0.0283203125 0.017578125
0 0.9013671875 0.1689453125 0.0400390625 0.0283203125
0 0.6025390625 0.2978515625 0.05859375 0.033203125
0 0.2626953125 0.3251953125 0.0263671875 0.01953125
0 0.7724609375 0.6875 0.0302734375 0.033203125
0 0.185546875 0.4599609375 0.044921875 0.0458984375
0 0.583984375 0.302734375 0.0322265625 0.0224609375
0 0.5087890625 0.294921875 0.0234375 0.0205078125
0 0.56640625 0.1171875 0.0224609375 0.0234375
0 0.2333984375 0.69140625 0.021484375 0.021484375
0 0.7138671875 0.97265625 0.0185546875 0.025390625
0 0.15625 0.333984375 0.01953125 0.0283203125
0 0.7587890625 0.7119140625 0.0244140625 0.0185546875
0 0.962890625 0.943359375 0.0224609375 0.0263671875
0 0.869140625 0.0869140625 0.0244140625 0.01953125
0 0.408203125 0.1513671875 0.01953125 0.0244140625
0 0.888671875 0.44140625 0.03125 0.0283203125
0 0.02734375 0.603515625 0.01953125 0.017578125
0 0.1640625 0.197265625 0.0244140625 0.0224609375
0 0.388671875 0.958984375 0.0341796875 0.029296875
0 0.70703125 0.1201171875 0.02734375 0.02734375
0 0.9384765625 0.40234375 0.02734375 0.0205078125
0 0.232421875 0.1611328125 0.0322265625 0.0283203125
0 0.646484375 0.1201171875 0.0322265625 0.033203125
0 0.646484375 0.833984375 0.025390625 0.017578125
0 0.015625 0.177734375 0.0244140625 0.0224609375
0 0.88671875 0.3076171875 0.029296875 0.0244140625
0 0.986328125 0.142578125 0.02734375 0.02734375
0 0.505859375 0.875 0.021484375 0.0234375
0 0.080078125 0.029296875 0.0302734375 0.025390625
0 0.1962890625 0.01171875 0.0263671875 0.0185546875
0 0.1484375 0.0048828125 0.0234375 0.009765625
0 0.060546875 0.294921875 0.0263671875 0.0263671875
0 0.015625 0.5390625 0.0185546875 0.0302734375
0 0.3642578125 0.4287109375 0.0224609375 0.0224609375
0 0.3291015625 0.384765625 0.017578125 0.015625
0 0.306640625 0.390625 0.013671875 0.017578125
0 0.28125 0.3759765625 0.0146484375 0.0146484375
0 0.384765625 0.009765625 0.01953125 0.01953125
0 0.62109375 0.4482421875 0.025390625 0.015625
0 0.787109375 0.44921875 0.0263671875 0.0166015625
0 0.78125 0.4267578125 0.015625 0.015625
0 0.8076171875 0.43359375 0.0146484375 0.015625
0 0.84765625 0.4443359375 0.03125 0.0146484375
0 0.5498046875 0.84375 0.021484375 0.01953125
0 0.40625 0.978515625 0.03515625 0.0234375
0 0.3515625 0.9736328125 0.02734375 0.0205078125
0 0.3603515625 0.85546875 0.0205078125 0.0263671875
0 0.640625 0.9404296875 0.0224609375 0.025390625
0 0.6171875 0.5390625 0.0205078125 0.021484375
0 0.580078125 0.546875 0.0185546875 0.017578125
0 0.6474609375 0.548828125 0.0244140625 0.0166015625