0 0.484375 0.12109375 0.0390625 0.02734375
0 0.4140625 0.3544921875 0.04296875 0.037109375
0 0.71484375 0.4765625 0.04296875 0.046875
0 0.3193359375 0.103515625 0.029296875 0.029296875
0 0.2275390625 0.9619140625 0.0322265625 0.033203125
0 0.177734375 0.9619140625 0.0302734375 0.025390625
0 0.19921875 0.7373046875 0.0244140625 0.0263671875
0 0.10546875 0.818359375 0.0185546875 0.025390625
0 0.125 0.8408203125 0.0185546875 0.025390625
0 0.0986328125 0.9814453125 0.048828125 0.033203125
0 0.01171875 0.7939453125 0.017578125 0.017578125
0 0.0234375 0.5263671875 0.0185546875 0.0185546875
0 0.2685546875 0.517578125 0.0361328125 0.0244140625
0 0.4375 0.27734375 0.0205078125 0.017578125
0 0.6826171875 0.1474609375 0.0302734375 0.0390625
0 0.1376953125 0.845703125 0.046875 0.029296875
0 0.087890625 0.81640625 0.021484375 0.0244140625
0 0.5751953125 0.3408203125 0.033203125 0.029296875
0 0.78515625 0.525390625 0.0517578125 0.0263671875
0 0.6484375 0.3232421875 0.025390625 0.0263671875
0 0.7275390625 0.388671875 0.0205078125 0.0263671875
0 0.5390625 0.951171875 0.017578125 0.015625
0 0.408203125 0.0830078125 0.03515625 0.0380859375
0 0.427734375 0.306640625 0.0244140625 0.0224609375
0 0.6376953125 0.880859375 0.0205078125 0.01953125
0 0.490234375 0.16796875 0.025390625 0.033203125
0 0.130859375 0.27734375 0.037109375 0.0341796875
0 0.83984375 0.162109375 0.0244140625 0.021484375
0 0.08203125 0.7880859375 0.0283203125 0.0283203125
0 0.873046875 0.982421875 0.037109375 0.0244140625
0 0.552734375 0.1044921875 0.017578125 0.0234375
0 0.28125 0.103515625 0.0234375 0.01953125
0 0.369140625 0.189453125 0.02734375 0.0234375
0 0.04296875 0.896484375 0.0556640625 0.0419921875
0 0.685546875 0.3466796875 0.0205078125 0.025390625
0 0.919921875 0.3974609375 0.025390625 0.0244140625
0 0.4375 0.013671875 0.0419921875 0.0263671875
0 0.361328125 0.01171875 0.0419921875 0.0234375
0 0.3330078125 0.02734375 0.021484375 0.0205078125
0 0.408203125 0.1669921875 0.029296875 0.02734375
0 0.7724609375 0.2607421875 0.02734375 0.0341796875
0 0.8095703125 0.2548828125 0.025390625 0.02734375
0 0.7587890625 0.302734375 0.0224609375 0.025390625
0 0.8046875 0.2978515625 0.0205078125 0.0205078125
0 0.7119140625 0.3515625 0.0263671875 0.033203125
0 0.833984375 0.6953125 0.013671875 0.0185546875
0 0.8720703125 0.8173828125 0.015625 0.017578125
0 0.63671875 0.76953125 0.03515625 0.01953125
0 0.638671875 0.94921875 0.0205078125 0.01953125
0 0.6640625 0.962890625 0.017578125 0.0146484375
0 0.7978515625 0.142578125 0.03125 0.03125