0 0.61328125 0.1298828125 0.01953125 0.0244140625
0 0.6396484375 0.1103515625 0.0244140625 0.0263671875
0 0.498046875 0.0703125 0.041015625 0.01953125
0 0.5322265625 0.1240234375 0.037109375 0.0224609375
0 0.5341796875 0.0556640625 0.0263671875 0.0205078125
0 0.5498046875 0.072265625 0.0224609375 0.0224609375
0 0.3623046875 0.017578125 0.03515625 0.033203125
0 0.4072265625 0.7314453125 0.0146484375 0.01953125
0 0.4794921875 0.7177734375 0.0341796875 0.0224609375
0 0.466796875 0.7041015625 0.025390625 0.0205078125
0 0.4482421875 0.80859375 0.017578125 0.01171875
0 0.466796875 0.82421875 0.0205078125 0.0166015625
0 0.4892578125 0.8291015625 0.0146484375 0.0146484375
0 0.5009765625 0.8349609375 0.017578125 0.0205078125
0 0.5205078125 0.8388671875 0.01953125 0.0166015625
0 0.6044921875 0.8798828125 0.0224609375 0.0185546875
0 0.587890625 0.83984375 0.025390625 0.021484375
0 0.62890625 0.8095703125 0.0244140625 0.0166015625
0 0.6357421875 0.6591796875 0.0205078125 0.017578125
0 0.7578125 0.9501953125 0.01953125 0.0166015625
0 0.685546875 0.01953125 0.0400390625 0.0224609375