0 0.607421875 0.38671875 0.0283203125 0.0283203125
0 0.7626953125 0.4462890625 0.03125 0.02734375
0 0.51953125 0.498046875 0.02734375 0.0283203125
0 0.2958984375 0.474609375 0.0185546875 0.01953125
0 0.4560546875 0.486328125 0.0205078125 0.0234375
0 0.64453125 0.1376953125 0.0146484375 0.01953125
0 0.4775390625 0.67578125 0.013671875 0.0146484375
0 0.7421875 0.564453125 0.021484375 0.0166015625
0 0.3525390625 0.0849609375 0.0224609375 0.0244140625
0 0.8955078125 0.2158203125 0.03515625 0.037109375
0 0.697265625 0.19140625 0.0234375 0.0244140625
0 0.388671875 0.556640625 0.0283203125 0.0166015625
0 0.9853515625 0.2998046875 0.01953125 0.0166015625
0 0.55859375 0.2900390625 0.017578125 0.017578125
0 0.890625 0.2724609375 0.03125 0.0224609375
0 0.927734375 0.31640625 0.015625 0.0185546875
0 0.775390625 0.509765625 0.017578125 0.015625
0 0.298828125 0.517578125 0.0107421875 0.0185546875
0 0.76953125 0.3798828125 0.01953125 0.017578125
0 0.4765625 0.33203125 0.02734375 0.0234375
0 0.37890625 0.3701171875 0.0283203125 0.0283203125
0 0.830078125 0.1904296875 0.0263671875 0.03125
0 0.958984375 0.3359375 0.0185546875 0.017578125
0 0.513671875 0.765625 0.0126953125 0.0185546875
0 0.4375 0.31640625 0.021484375 0.0205078125
0 0.2978515625 0.21875 0.0234375 0.02734375
0 0.537109375 0.865234375 0.015625 0.017578125
0 0.4326171875 0.060546875 0.013671875 0.0126953125
0 0.4228515625 0.2998046875 0.0166015625 0.0166015625
0 0.119140625 0.0732421875 0.0224609375 0.0205078125
0 0.2705078125 0.056640625 0.025390625 0.0244140625
0 0.451171875 0.298828125 0.0185546875 0.0302734375
0 0.33984375 0.1845703125 0.0205078125 0.0205078125
0 0.8515625 0.1064453125 0.046875 0.0380859375
0 0.28125 0.169921875 0.0185546875 0.017578125
0 0.7587890625 0.505859375 0.0224609375 0.0224609375
0 0.0615234375 0.0849609375 0.0244140625 0.021484375