0 0.6630859375 0.33203125 0.052734375 0.0302734375
0 0.8955078125 0.33984375 0.0478515625 0.01953125
0 0.6064453125 0.515625 0.0439453125 0.033203125
0 0.6171875 0.4541015625 0.05859375 0.044921875
0 0.615234375 0.44140625 0.0400390625 0.0302734375
0 0.708984375 0.453125 0.025390625 0.0244140625
0 0.76171875 0.640625 0.025390625 0.0234375
0 0.845703125 0.33984375 0.0244140625 0.03515625
0 0.51953125 0.3642578125 0.03515625 0.02734375
0 0.4921875 0.234375 0.0234375 0.03515625
0 0.63671875 0.236328125 0.0283203125 0.0224609375
0 0.591796875 0.794921875 0.0244140625 0.0244140625
0 0.8173828125 0.6591796875 0.01953125 0.0205078125
0 0.865234375 0.4482421875 0.0244140625 0.0205078125
0 0.3310546875 0.884765625 0.0302734375 0.03125
0 0.50390625 0.4287109375 0.017578125 0.0224609375
0 0.59765625 0.7421875 0.02734375 0.03125
0 0.529296875 0.287109375 0.0185546875 0.021484375
0 0.7392578125 0.828125 0.029296875 0.0224609375
0 0.6064453125 0.720703125 0.0244140625 0.0185546875
0 0.7392578125 0.5986328125 0.0361328125 0.029296875
0 0.017578125 0.685546875 0.03515625 0.0263671875
0 0.39453125 0.455078125 0.029296875 0.0234375
0 0.4033203125 0.8359375 0.025390625 0.0244140625
0 0.69140625 0.517578125 0.021484375 0.01953125
0 0.673828125 0.908203125 0.0224609375 0.0185546875
0 0.69140625 0.955078125 0.0322265625 0.021484375
0 0.634765625 0.0419921875 0.0234375 0.02734375
0 0.9306640625 0.74609375 0.0341796875 0.0341796875
0 0.099609375 0.935546875 0.0283203125 0.025390625
0 0.783203125 0.29296875 0.0517578125 0.0498046875
0 0.798828125 0.70703125 0.01953125 0.01953125
0 0.826171875 0.4814453125 0.0224609375 0.0244140625
0 0.681640625 0.3671875 0.029296875 0.03515625
0 0.740234375 0.4482421875 0.0205078125 0.01953125
0 0.345703125 0.541015625 0.0185546875 0.015625
0 0.53125 0.150390625 0.0224609375 0.02734375
0 0.90234375 0.18359375 0.037109375 0.0244140625
0 0.0361328125 0.404296875 0.021484375 0.0234375
0 0.673828125 0.568359375 0.025390625 0.0244140625
0 0.798828125 0.546875 0.0302734375 0.025390625
0 0.8828125 0.05859375 0.029296875 0.041015625
0 0.3203125 0.4814453125 0.015625 0.01171875
0 0.0302734375 0.0615234375 0.0458984375 0.0380859375
0 0.970703125 0.634765625 0.0244140625 0.0205078125
0 0.60546875 0.244140625 0.0341796875 0.0283203125
0 0.3583984375 0.7998046875 0.0185546875 0.0185546875
0 0.8671875 0.0185546875 0.0263671875 0.0234375
0 0.9833984375 0.203125 0.0322265625 0.04296875
0 0.76171875 0.703125 0.01953125 0.03125
0 0.888671875 0.984375 0.03515625 0.03125
0 0.654296875 0.04296875 0.025390625 0.033203125
0 0.265625 0.10546875 0.015625 0.0185546875
0 0.1220703125 0.89453125 0.02734375 0.0322265625
0 0.84375 0.7275390625 0.0224609375 0.0185546875
0 0.57421875 0.5673828125 0.029296875 0.0498046875
0 0.87109375 0.3857421875 0.0390625 0.0390625
0 0.919921875 0.4931640625 0.01953125 0.0302734375
0 0.826171875 0.8173828125 0.0263671875 0.021484375
0 0.91796875 0.1337890625 0.015625 0.0166015625
0 0.111328125 0.76953125 0.033203125 0.0419921875
0 0.4794921875 0.890625 0.021484375 0.0185546875
0 0.2333984375 0.771484375 0.0244140625 0.0234375
0 0.48828125 0.3564453125 0.0146484375 0.015625
0 0.673828125 0.416015625 0.0302734375 0.0322265625
0 0.6484375 0.84375 0.033203125 0.03125
0 0.5263671875 0.646484375 0.0283203125 0.0322265625
0 0.6240234375 0.654296875 0.015625 0.0166015625
0 0.0458984375 0.1279296875 0.0185546875 0.0234375
0 0.8505859375 0.419921875 0.02734375 0.0283203125
0 0.9345703125 0.69140625 0.017578125 0.013671875
0 0.9794921875 0.0908203125 0.041015625 0.060546875
0 0.330078125 0.068359375 0.01953125 0.01953125
0 0.41796875 0.4921875 0.015625 0.0185546875
0 0.0263671875 0.728515625 0.0419921875 0.0439453125
0 0.9833984375 0.0390625 0.03125 0.033203125
0 0.451171875 0.4345703125 0.0205078125 0.0224609375
0 0.19140625 0.53515625 0.013671875 0.015625
0 0.876953125 0.7099609375 0.0283203125 0.0263671875
0 0.6875 0.7236328125 0.0283203125 0.025390625
0 0.3330078125 0.552734375 0.0166015625 0.0146484375
0 0.6923828125 0.2412109375 0.01953125 0.0234375
0 0.728515625 0.884765625 0.0283203125 0.021484375
0 0.92578125 0.953125 0.0263671875 0.0166015625
0 0.056640625 0.3525390625 0.0283203125 0.0205078125
0 0.806640625 0.6533203125 0.0419921875 0.017578125
0 0.9873046875 0.796875 0.0244140625 0.05078125
0 0.8134765625 0.8828125 0.0263671875 0.037109375
0 0.2216796875 0.2216796875 0.0263671875 0.0341796875
0 0.8564453125 0.4765625 0.021484375 0.015625
0 0.689453125 0.5712890625 0.052734375 0.041015625
0 0.90625 0.447265625 0.0283203125 0.0263671875
0 0.7890625 0.0556640625 0.0341796875 0.021484375