0 0.4140625 0.251953125 0.0419921875 0.025390625
0 0.1396484375 0.5791015625 0.044921875 0.0234375
0 0.34765625 0.4248046875 0.02734375 0.029296875
0 0.185546875 0.5400390625 0.0234375 0.0283203125
0 0.3466796875 0.533203125 0.033203125 0.033203125
0 0.2646484375 0.43359375 0.0390625 0.0341796875
0 0.294921875 0.4091796875 0.029296875 0.0361328125
0 0.845703125 0.28125 0.0380859375 0.048828125
0 0.8251953125 0.4873046875 0.0224609375 0.02734375
0 0.619140625 0.5703125 0.0234375 0.0234375
0 0.6044921875 0.619140625 0.0419921875 0.02734375
0 0.244140625 0.802734375 0.0185546875 0.0205078125
0 0.4912109375 0.9775390625 0.0400390625 0.0439453125
0 0.5 0.4404296875 0.0322265625 0.0341796875
0 0.5322265625 0.255859375 0.0283203125 0.0546875
0 0.376953125 0.359375 0.03515625 0.0283203125
0 0.310546875 0.3837890625 0.0341796875 0.0302734375
0 0.5791015625 0.2890625 0.041015625 0.0400390625
0 0.49609375 0.181640625 0.0341796875 0.0322265625
0 0.4638671875 0.283203125 0.02734375 0.0341796875
0 0.701171875 0.400390625 0.02734375 0.033203125
0 0.38671875 0.3857421875 0.0712890625 0.064453125
0 0.607421875 0.0224609375 0.0361328125 0.0234375
0 0.5166015625 0.810546875 0.0234375 0.02734375
0 0.732421875 0.3330078125 0.025390625 0.0234375
0 0.263671875 0.2734375 0.060546875 0.0458984375
0 0.9423828125 0.0595703125 0.0126953125 0.0146484375
0 0.6884765625 0.1533203125 0.0322265625 0.029296875
0 0.3173828125 0.673828125 0.0498046875 0.05078125
0 0.3203125 0.2880859375 0.0390625 0.056640625
0 0.2998046875 0.201171875 0.0234375 0.017578125
0 0.673828125 0.80078125 0.017578125 0.0244140625
0 0.673828125 0.814453125 0.0263671875 0.0546875
0 0.4794921875 0.970703125 0.015625 0.0166015625
0 0.61328125 0.673828125 0.0439453125 0.0283203125
0 0.1865234375 0.96484375 0.060546875 0.0439453125
0 0.4326171875 0.31640625 0.01953125 0.0205078125
0 0.84375 0.6533203125 0.0205078125 0.03125