0 0.1640625 0.7099609375 0.03515625 0.041015625
0 0.0673828125 0.626953125 0.052734375 0.04296875
0 0.0771484375 0.857421875 0.044921875 0.03125
0 0.107421875 0.794921875 0.0361328125 0.037109375
0 0.142578125 0.9169921875 0.0244140625 0.0302734375
0 0.349609375 0.75 0.029296875 0.017578125
0 0.1279296875 0.6962890625 0.05078125 0.044921875
0 0.5205078125 0.9755859375 0.0244140625 0.0390625
0 0.3173828125 0.9833984375 0.0234375 0.0205078125
0 0.0908203125 0.5029296875 0.0283203125 0.0224609375
0 0.173828125 0.6455078125 0.0205078125 0.017578125
0 0.2099609375 0.6455078125 0.0205078125 0.015625
0 0.34375 0.7265625 0.04296875 0.02734375
0 0.099609375 0.4345703125 0.0283203125 0.021484375
0 0.439453125 0.681640625 0.02734375 0.013671875
0 0.1806640625 0.5927734375 0.037109375 0.025390625
0 0.54296875 0.9658203125 0.03125 0.025390625