0 0.8291015625 0.40625 0.0244140625 0.03125
0 0.927734375 0.1533203125 0.0283203125 0.033203125
0 0.494140625 0.2197265625 0.033203125 0.025390625
0 0.1162109375 0.60546875 0.021484375 0.021484375
0 0.7412109375 0.2939453125 0.0244140625 0.015625
0 0.916015625 0.66015625 0.029296875 0.0263671875
0 0.20703125 0.2861328125 0.0234375 0.017578125
0 0.337890625 0.560546875 0.021484375 0.0234375
0 0.697265625 0.0751953125 0.025390625 0.0224609375
0 0.4853515625 0.248046875 0.0244140625 0.021484375
0 0.892578125 0.1455078125 0.0283203125 0.02734375
0 0.5654296875 0.623046875 0.01953125 0.017578125
0 0.291015625 0.5625 0.03515625 0.0244140625
0 0.7666015625 0.2119140625 0.021484375 0.017578125
0 0.095703125 0.828125 0.029296875 0.0322265625
0 0.98828125 0.455078125 0.0205078125 0.0283203125
0 0.8154296875 0.3125 0.01953125 0.01953125
0 0.83984375 0.62890625 0.021484375 0.02734375
0 0.66796875 0.482421875 0.0244140625 0.025390625
0 0.80078125 0.875 0.0205078125 0.01953125
0 0.8408203125 0.3310546875 0.0302734375 0.0244140625
0 0.8876953125 0.7626953125 0.029296875 0.0302734375
0 0.5625 0.654296875 0.029296875 0.02734375
0 0.1279296875 0.30859375 0.0263671875 0.037109375
0 0.4091796875 0.31640625 0.021484375 0.0302734375
0 0.35546875 0.85546875 0.017578125 0.03125
0 0.5986328125 0.857421875 0.0283203125 0.01953125
0 0.5693359375 0.7744140625 0.0302734375 0.0224609375
0 0.1083984375 0.87890625 0.029296875 0.0341796875
0 0.43359375 0.814453125 0.0390625 0.0302734375
0 0.1201171875 0.72265625 0.0380859375 0.03515625
0 0.60546875 0.9462890625 0.03515625 0.03125
0 0.791015625 0.830078125 0.021484375 0.0224609375
0 0.4111328125 0.755859375 0.0400390625 0.04296875
0 0.6953125 0.8466796875 0.0341796875 0.02734375
0 0.7919921875 0.7890625 0.029296875 0.025390625
0 0.2412109375 0.6806640625 0.03125 0.0380859375
0 0.03125 0.88671875 0.0341796875 0.03125
0 0.9248046875 0.7255859375 0.02734375 0.0234375
0 0.8720703125 0.85546875 0.0283203125 0.03125
0 0.8046875 0.75390625 0.025390625 0.0224609375
0 0.3076171875 0.767578125 0.0234375 0.025390625
0 0.875 0.939453125 0.0302734375 0.0341796875
0 0.8671875 0.82421875 0.0185546875 0.01953125
0 0.0517578125 0.9326171875 0.03125 0.0263671875
0 0.6279296875 0.8173828125 0.025390625 0.0224609375
0 0.3388671875 0.806640625 0.02734375 0.0234375
0 0.93359375 0.8251953125 0.0185546875 0.0224609375
0 0.6884765625 0.9482421875 0.03125 0.025390625
0 0.9599609375 0.720703125 0.0224609375 0.0185546875
0 0.076171875 0.94921875 0.021484375 0.0234375
0 0.830078125 0.78125 0.017578125 0.02734375
0 0.58984375 0.7373046875 0.03515625 0.029296875
0 0.4482421875 0.5146484375 0.033203125 0.05078125
0 0.3017578125 0.681640625 0.0380859375 0.0302734375
0 0.5439453125 0.712890625 0.0419921875 0.0498046875
0 0.6015625 0.419921875 0.0380859375 0.041015625
0 0.587890625 0.796875 0.01953125 0.0263671875
0 0.23828125 0.8818359375 0.0458984375 0.037109375
0 0.6513671875 0.2197265625 0.0302734375 0.021484375
0 0.251953125 0.96875 0.0341796875 0.02734375
0 0.48828125 0.955078125 0.0390625 0.033203125
0 0.4501953125 0.56640625 0.0224609375 0.0400390625
0 0.728515625 0.9697265625 0.01953125 0.02734375
0 0.1025390625 0.681640625 0.021484375 0.025390625
0 0.3759765625 0.5205078125 0.0302734375 0.046875
0 0.806640625 0.5908203125 0.0244140625 0.017578125
0 0.283203125 0.9658203125 0.01953125 0.0166015625
0 0.2578125 0.8232421875 0.017578125 0.017578125
0 0.513671875 0.29296875 0.017578125 0.015625
0 0.482421875 0.1796875 0.01953125 0.01953125
0 0.7919921875 0.943359375 0.0244140625 0.0244140625
0 0.546875 0.962890625 0.021484375 0.0224609375
0 0.3681640625 0.3076171875 0.0419921875 0.044921875