0 0.9404296875 0.7158203125 0.056640625 0.060546875
0 0.63671875 0.783203125 0.0703125 0.0703125
0 0.6884765625 0.26953125 0.025390625 0.0234375
0 0.634765625 0.3857421875 0.0205078125 0.017578125
0 0.767578125 0.2626953125 0.0185546875 0.013671875
0 0.2236328125 0.7353515625 0.0244140625 0.025390625
0 0.8505859375 0.1611328125 0.013671875 0.017578125
0 0.802734375 0.390625 0.017578125 0.0234375
0 0.6953125 0.583984375 0.0234375 0.0224609375
0 0.982421875 0.2734375 0.029296875 0.041015625
0 0.384765625 0.2353515625 0.033203125 0.0224609375
0 0.9892578125 0.8271484375 0.021484375 0.03515625
0 0.7001953125 0.513671875 0.01953125 0.0205078125
0 0.7197265625 0.625 0.01953125 0.0146484375
0 0.021484375 0.8017578125 0.017578125 0.0185546875
0 0.060546875 0.796875 0.015625 0.0185546875
0 0.0341796875 0.32421875 0.0185546875 0.017578125
0 0.93359375 0.884765625 0.017578125 0.0166015625
0 0.921875 0.892578125 0.0185546875 0.01953125
0 0.947265625 0.9287109375 0.0263671875 0.0224609375
0 0.974609375 0.9482421875 0.01953125 0.0224609375
0 0.875 0.9501953125 0.0224609375 0.01953125
0 0.8369140625 0.9208984375 0.015625 0.009765625
0 0.822265625 0.9326171875 0.021484375 0.0166015625
0 0.13671875 0.7099609375 0.0166015625 0.013671875
0 0.0712890625 0.34765625 0.0205078125 0.0185546875
0 0.0859375 0.490234375 0.0185546875 0.0166015625
0 0.2314453125 0.0693359375 0.0224609375 0.01953125
0 0.421875 0.875 0.033203125 0.0224609375
0 0.2275390625 0.81640625 0.0146484375 0.017578125