0 0.8857421875 0.048828125 0.029296875 0.021484375
0 0.8642578125 0.064453125 0.0234375 0.01953125
0 0.865234375 0.0888671875 0.0283203125 0.0244140625
0 0.712890625 0.3486328125 0.037109375 0.0458984375
0 0.033203125 0.1884765625 0.0322265625 0.03515625
0 0.767578125 0.31640625 0.025390625 0.029296875
0 0.681640625 0.3740234375 0.0390625 0.048828125
0 0.794921875 0.2724609375 0.029296875 0.0263671875
0 0.830078125 0.189453125 0.017578125 0.0185546875
0 0.66015625 0.1708984375 0.0322265625 0.03515625
0 0.431640625 0.212890625 0.0361328125 0.03515625
0 0.814453125 0.232421875 0.01953125 0.017578125
0 0.794921875 0.2470703125 0.0341796875 0.0185546875
0 0.853515625 0.150390625 0.0224609375 0.0244140625
0 0.8349609375 0.0322265625 0.0263671875 0.037109375
0 0.8779296875 0.0263671875 0.029296875 0.0283203125
0 0.4365234375 0.076171875 0.0166015625 0.017578125
0 0.3701171875 0.099609375 0.0224609375 0.0185546875
0 0.083984375 0.736328125 0.021484375 0.01953125
0 0.3232421875 0.1845703125 0.0263671875 0.03125
0 0.3056640625 0.2626953125 0.0244140625 0.0205078125
0 0.8486328125 0.123046875 0.0263671875 0.0263671875