0 0.029296875 0.298828125 0.0498046875 0.0712890625
0 0.076171875 0.3916015625 0.0478515625 0.0478515625
0 0.017578125 0.546875 0.03515625 0.064453125
0 0.2119140625 0.5107421875 0.0498046875 0.048828125
0 0.31640625 0.5029296875 0.0693359375 0.0546875
0 0.2255859375 0.5732421875 0.029296875 0.0556640625
0 0.1884765625 0.552734375 0.0244140625 0.0244140625
0 0.1806640625 0.24609375 0.0224609375 0.0400390625
0 0.318359375 0.025390625 0.064453125 0.044921875
0 0.42578125 0.1240234375 0.0244140625 0.03125
0 0.1806640625 0.1005859375 0.03125 0.0400390625
0 0.1220703125 0.009765625 0.041015625 0.01953125
0 0.4775390625 0.5693359375 0.025390625 0.03515625
0 0.33984375 0.6201171875 0.046875 0.0458984375
0 0.318359375 0.658203125 0.0556640625 0.03515625
0 0.25390625 0.6640625 0.03515625 0.0458984375
0 0.21484375 0.638671875 0.0166015625 0.021484375
0 0.166015625 0.7158203125 0.05859375 0.0458984375
0 0.017578125 0.845703125 0.03515625 0.04296875
0 0.201171875 0.837890625 0.037109375 0.064453125
0 0.0966796875 0.93359375 0.0244140625 0.0400390625
0 0.1435546875 0.9541015625 0.0439453125 0.0283203125
0 0.1201171875 0.9892578125 0.041015625 0.021484375