0 0.8203125 0.4638671875 0.033203125 0.044921875
0 0.1728515625 0.6630859375 0.0380859375 0.046875
0 0.2607421875 0.3984375 0.0361328125 0.03515625
0 0.59375 0.3759765625 0.0244140625 0.01953125
0 0.7421875 0.95703125 0.044921875 0.02734375
0 0.841796875 0.947265625 0.0390625 0.03125
0 0.0615234375 0.80078125 0.0419921875 0.01953125
0 0.16796875 0.3779296875 0.0390625 0.0419921875
0 0.9765625 0.857421875 0.0419921875 0.04296875
0 0.2158203125 0.6015625 0.0302734375 0.025390625
0 0.94921875 0.9267578125 0.0263671875 0.0234375
0 0.1171875 0.056640625 0.046875 0.04296875
0 0.67578125 0.0625 0.0380859375 0.044921875
0 0.1513671875 0.0068359375 0.021484375 0.013671875
0 0.10546875 0.8369140625 0.0234375 0.0341796875
0 0.0048828125 0.697265625 0.009765625 0.0390625
0 0.255859375 0.70703125 0.033203125 0.04296875