0 0.2529296875 0.0078125 0.029296875 0.015625
0 0.9130859375 0.5615234375 0.0498046875 0.0654296875
0 0.70703125 0.6708984375 0.0546875 0.0478515625
0 0.9365234375 0.814453125 0.0263671875 0.01953125
0 0.89453125 0.7021484375 0.0302734375 0.0283203125
0 0.923828125 0.0244140625 0.04296875 0.048828125
0 0.39453125 0.234375 0.0361328125 0.0283203125
0 0.49609375 0.333984375 0.0283203125 0.0302734375
0 0.205078125 0.5478515625 0.021484375 0.0302734375
0 0.021484375 0.6181640625 0.0341796875 0.0234375
0 0.62109375 0.9287109375 0.0244140625 0.025390625
0 0.6357421875 0.958984375 0.0283203125 0.0263671875
0 0.6279296875 0.8125 0.029296875 0.0283203125
0 0.2890625 0.931640625 0.0244140625 0.01953125