0 0.71875 0.984375 0.05078125 0.03125
0 0.7041015625 0.9580078125 0.021484375 0.0224609375
0 0.8232421875 0.90625 0.0224609375 0.0126953125
0 0.943359375 0.92578125 0.0166015625 0.01171875
0 0.8671875 0.9853515625 0.0283203125 0.0244140625
0 0.849609375 0.84375 0.013671875 0.01171875
0 0.625 0.90625 0.041015625 0.0341796875
0 0.814453125 0.728515625 0.015625 0.017578125
0 0.7421875 0.853515625 0.03125 0.0224609375
0 0.2626953125 0.9306640625 0.0380859375 0.0283203125
0 0.0732421875 0.96484375 0.03125 0.0283203125
0 0.8447265625 0.986328125 0.01171875 0.015625
0 0.5546875 0.931640625 0.0107421875 0.0146484375
0 0.771484375 0.98828125 0.009765625 0.015625
0 0.748046875 0.953125 0.0205078125 0.0302734375
0 0.7626953125 0.9501953125 0.017578125 0.017578125
0 0.2021484375 0.6103515625 0.0185546875 0.0107421875