0 0.265625 0.169921875 0.072265625 0.0263671875
0 0.19140625 0.232421875 0.03515625 0.0380859375
0 0.56640625 0.0859375 0.0927734375 0.0380859375
0 0.43359375 0.0146484375 0.0625 0.029296875
0 0.3544921875 0.017578125 0.0419921875 0.0302734375
0 0.3662109375 0.037109375 0.0556640625 0.0400390625
0 0.1787109375 0.0478515625 0.0361328125 0.0322265625
0 0.2158203125 0.037109375 0.0283203125 0.02734375
0 0.23828125 0.0478515625 0.0361328125 0.0302734375
0 0.26953125 0.0625 0.0244140625 0.0263671875
0 0.7236328125 0.072265625 0.0302734375 0.02734375
0 0.7333984375 0.1083984375 0.0361328125 0.0302734375
0 0.6923828125 0.1142578125 0.0302734375 0.0244140625
0 0.494140625 0.138671875 0.025390625 0.0322265625
0 0.52734375 0.3369140625 0.0322265625 0.01953125
0 0.16015625 0.4521484375 0.05078125 0.0322265625
0 0.14453125 0.392578125 0.04296875 0.0341796875
0 0.275390625 0.341796875 0.0439453125 0.0341796875
0 0.216796875 0.5615234375 0.0283203125 0.01953125
0 0.0849609375 0.41796875 0.03515625 0.0224609375
0 0.453125 0.3798828125 0.05859375 0.0322265625
0 0.3154296875 0.4521484375 0.017578125 0.01953125
0 0.1923828125 0.5537109375 0.0341796875 0.0244140625
0 0.171875 0.572265625 0.0361328125 0.029296875
0 0.2216796875 0.7685546875 0.0234375 0.0263671875
0 0.13671875 0.57421875 0.0419921875 0.033203125
0 0.064453125 0.4765625 0.0419921875 0.025390625
0 0.052734375 0.423828125 0.0390625 0.0283203125
0 0.146484375 0.8408203125 0.0234375 0.0224609375
0 0.125 0.2314453125 0.0439453125 0.048828125
0 0.421875 0.091796875 0.03125 0.0234375
0 0.4638671875 0.103515625 0.0419921875 0.02734375
0 0.392578125 0.103515625 0.021484375 0.02734375
0 0.396484375 0.205078125 0.0478515625 0.03515625
0 0.1005859375 0.5947265625 0.0498046875 0.04296875
0 0.166015625 0.5966796875 0.0361328125 0.0234375
0 0.2919921875 0.7470703125 0.0361328125 0.021484375
0 0.0576171875 0.6171875 0.03125 0.017578125
0 0.0478515625 0.134765625 0.0205078125 0.0244140625
0 0.1083984375 0.306640625 0.0322265625 0.041015625
0 0.0556640625 0.330078125 0.03515625 0.033203125
0 0.24609375 0.4228515625 0.0400390625 0.0244140625
0 0.2802734375 0.84765625 0.017578125 0.0244140625
0 0.2197265625 0.1142578125 0.03125 0.0224609375
0 0.2001953125 0.13671875 0.0341796875 0.03125