0 0.51171875 0.3974609375 0.05078125 0.068359375
0 0.7275390625 0.603515625 0.05078125 0.05078125
0 0.6298828125 0.3818359375 0.04296875 0.041015625
0 0.3701171875 0.03125 0.064453125 0.0625
0 0.8046875 0.185546875 0.05078125 0.05078125
0 0.9150390625 0.115234375 0.0556640625 0.056640625
0 0.953125 0.1318359375 0.04296875 0.048828125
0 0.865234375 0.0673828125 0.05078125 0.037109375
0 0.7412109375 0.1259765625 0.0556640625 0.0458984375
0 0.6962890625 0.2783203125 0.0498046875 0.0458984375
0 0.7138671875 0.7021484375 0.0634765625 0.064453125