0 0.6015625 0.3271484375 0.041015625 0.0439453125
0 0.6220703125 0.771484375 0.0537109375 0.064453125
0 0.2412109375 0.41796875 0.025390625 0.025390625
0 0.1640625 0.5234375 0.0263671875 0.0244140625
0 0.1474609375 0.779296875 0.0244140625 0.017578125
0 0.1455078125 0.740234375 0.017578125 0.0185546875
0 0.248046875 0.771484375 0.0185546875 0.0166015625
0 0.146484375 0.162109375 0.0244140625 0.0224609375
0 0.24609375 0.1201171875 0.0185546875 0.01953125
0 0.0419921875 0.8251953125 0.01953125 0.021484375
0 0.2265625 0.7724609375 0.0302734375 0.029296875
0 0.2255859375 0.2734375 0.03125 0.03125
0 0.3125 0.7978515625 0.015625 0.0166015625
0 0.759765625 0.396484375 0.0234375 0.029296875
0 0.853515625 0.845703125 0.0224609375 0.0234375
0 0.4453125 0.751953125 0.025390625 0.029296875
0 0.3271484375 0.8974609375 0.03125 0.0361328125
0 0.8115234375 0.935546875 0.0263671875 0.0244140625
0 0.923828125 0.26953125 0.017578125 0.01953125
0 0.615234375 0.46875 0.015625 0.017578125