0 0.52734375 0.4150390625 0.0390625 0.033203125
0 0.4736328125 0.619140625 0.0419921875 0.0390625
0 0.5322265625 0.5380859375 0.01953125 0.015625
0 0.2822265625 0.92578125 0.0224609375 0.0234375
0 0.822265625 0.91015625 0.025390625 0.0517578125
0 0.6171875 0.431640625 0.0390625 0.044921875
0 0.3369140625 0.1474609375 0.0205078125 0.0283203125
0 0.859375 0.0947265625 0.021484375 0.01953125
0 0.6494140625 0.701171875 0.0205078125 0.0166015625
0 0.369140625 0.228515625 0.041015625 0.0390625
0 0.0283203125 0.4033203125 0.0224609375 0.015625
0 0.5947265625 0.111328125 0.04296875 0.029296875
0 0.4091796875 0.3544921875 0.03125 0.0205078125
0 0.90625 0.181640625 0.021484375 0.03125
0 0.208984375 0.654296875 0.015625 0.0185546875
0 0.294921875 0.71875 0.0419921875 0.0283203125
0 0.5185546875 0.7314453125 0.0361328125 0.044921875
0 0.1259765625 0.5009765625 0.029296875 0.0302734375
0 0.5712890625 0.80078125 0.0244140625 0.017578125
0 0.9716796875 0.078125 0.029296875 0.0234375
0 0.447265625 0.822265625 0.0224609375 0.02734375
0 0.890625 0.0888671875 0.01953125 0.0185546875
0 0.05859375 0.6884765625 0.013671875 0.013671875
0 0.28515625 0.6171875 0.0224609375 0.0224609375
0 0.0380859375 0.607421875 0.021484375 0.015625
0 0.2646484375 0.640625 0.0224609375 0.025390625
0 0.82421875 0.607421875 0.017578125 0.03125
0 0.720703125 0.4091796875 0.0224609375 0.01953125
0 0.3251953125 0.3798828125 0.0361328125 0.0341796875
0 0.8232421875 0.7548828125 0.01953125 0.0263671875
0 0.8046875 0.095703125 0.0322265625 0.015625
0 0.5400390625 0.654296875 0.0224609375 0.0263671875
0 0.8935546875 0.5703125 0.0498046875 0.03125
0 0.92578125 0.6728515625 0.0302734375 0.0400390625
0 0.9140625 0.693359375 0.0302734375 0.03125
0 0.8603515625 0.50390625 0.01953125 0.0205078125
0 0.31640625 0.6787109375 0.029296875 0.03515625
0 0.80078125 0.7373046875 0.037109375 0.033203125
0 0.923828125 0.783203125 0.029296875 0.03515625
0 0.36328125 0.68359375 0.0263671875 0.0380859375
0 0.2841796875 0.4541015625 0.0322265625 0.0380859375
0 0.859375 0.609375 0.0302734375 0.0380859375
0 0.2099609375 0.35546875 0.0380859375 0.02734375
0 0.814453125 0.541015625 0.0224609375 0.033203125
0 0.2314453125 0.48046875 0.041015625 0.04296875
0 0.798828125 0.3515625 0.0283203125 0.029296875
0 0.1298828125 0.4150390625 0.0380859375 0.044921875
0 0.1337890625 0.79296875 0.0400390625 0.041015625
0 0.0859375 0.2392578125 0.033203125 0.0380859375
0 0.751953125 0.884765625 0.0322265625 0.029296875
0 0.8623046875 0.29296875 0.0322265625 0.05078125
0 0.982421875 0.6953125 0.0341796875 0.0458984375
0 0.7587890625 0.7734375 0.0224609375 0.0166015625