0 0.2568359375 0.859375 0.04296875 0.0390625
0 0.4755859375 0.234375 0.0595703125 0.0390625
0 0.048828125 0.2099609375 0.037109375 0.044921875
0 0.6064453125 0.3515625 0.033203125 0.037109375
0 0.236328125 0.3017578125 0.03515625 0.0322265625
0 0.9033203125 0.6669921875 0.0302734375 0.0322265625
0 0.7646484375 0.5712890625 0.021484375 0.0244140625
0 0.796875 0.6396484375 0.033203125 0.01953125
0 0.234375 0.546875 0.0458984375 0.0244140625
0 0.212890625 0.8134765625 0.0205078125 0.0205078125
0 0.3466796875 0.7744140625 0.0341796875 0.0322265625