0 0.2470703125 0.3828125 0.041015625 0.0439453125
0 0.2880859375 0.158203125 0.044921875 0.0341796875
0 0.51953125 0.2275390625 0.0419921875 0.0419921875
0 0.541015625 0.0927734375 0.0439453125 0.03515625
0 0.296875 0.375 0.041015625 0.0390625
0 0.40625 0.416015625 0.0419921875 0.0400390625
0 0.4990234375 0.701171875 0.02734375 0.02734375
0 0.68359375 0.373046875 0.0205078125 0.01953125
0 0.2763671875 0.462890625 0.0302734375 0.037109375
0 0.126953125 0.416015625 0.0224609375 0.0341796875
0 0.0966796875 0.6484375 0.0361328125 0.046875
0 0.21484375 0.20703125 0.0234375 0.0185546875
0 0.3916015625 0.1923828125 0.01953125 0.0166015625
0 0.453125 0.369140625 0.02734375 0.029296875
0 0.095703125 0.0703125 0.0283203125 0.0302734375
0 0.0341796875 0.775390625 0.01171875 0.01953125
0 0.1943359375 0.3564453125 0.033203125 0.0400390625
0 0.150390625 0.2822265625 0.0283203125 0.0224609375
0 0.0390625 0.2138671875 0.0302734375 0.0263671875
0 0.6845703125 0.939453125 0.015625 0.017578125
0 0.1650390625 0.23046875 0.0263671875 0.025390625
0 0.2265625 0.2607421875 0.0224609375 0.02734375
0 0.0185546875 0.421875 0.015625 0.021484375
0 0.08203125 0.294921875 0.03515625 0.0205078125
0 0.1826171875 0.296875 0.021484375 0.01953125
0 0.0625 0.154296875 0.02734375 0.021484375
0 0.18359375 0.1083984375 0.0283203125 0.0244140625
0 0.0166015625 0.5908203125 0.033203125 0.029296875
0 0.359375 0.0654296875 0.025390625 0.025390625
0 0.462890625 0.486328125 0.0146484375 0.0205078125
0 0.0927734375 0.0361328125 0.0263671875 0.021484375
0 0.7197265625 0.0478515625 0.0126953125 0.0126953125
0 0.314453125 0.28515625 0.0224609375 0.01953125
0 0.30078125 0.2666015625 0.02734375 0.0302734375
0 0.060546875 0.404296875 0.029296875 0.0302734375
0 0.4208984375 0.248046875 0.03125 0.0263671875
0 0.029296875 0.736328125 0.0400390625 0.046875
0 0.578125 0.2744140625 0.0283203125 0.02734375
0 0.1669921875 0.0185546875 0.0302734375 0.0224609375
0 0.478515625 0.62109375 0.0263671875 0.0341796875
0 0.443359375 0.423828125 0.0517578125 0.04296875
0 0.0966796875 0.412109375 0.033203125 0.03125