0 0.5224609375 0.818359375 0.044921875 0.0478515625
0 0.5 0.8974609375 0.0439453125 0.0341796875
0 0.78515625 0.876953125 0.0341796875 0.0283203125
0 0.0654296875 0.814453125 0.0390625 0.0322265625
0 0.158203125 0.7421875 0.0224609375 0.0234375
0 0.37890625 0.939453125 0.0224609375 0.0224609375
0 0.46484375 0.8994140625 0.0283203125 0.02734375
0 0.4140625 0.8466796875 0.0263671875 0.0283203125
0 0.0234375 0.7333984375 0.03515625 0.037109375
0 0.0458984375 0.953125 0.0283203125 0.02734375
0 0.4482421875 0.873046875 0.0341796875 0.0302734375
0 0.9375 0.8232421875 0.048828125 0.046875
0 0.8076171875 0.421875 0.0390625 0.0361328125
0 0.1640625 0.806640625 0.0302734375 0.029296875
0 0.3466796875 0.7705078125 0.0380859375 0.029296875
0 0.59765625 0.59765625 0.0283203125 0.0224609375
0 0.98046875 0.677734375 0.03125 0.033203125
0 0.388671875 0.599609375 0.0361328125 0.0244140625