0 0.11328125 0.8525390625 0.0185546875 0.0185546875
0 0.0615234375 0.6484375 0.01953125 0.015625
0 0.1708984375 0.20703125 0.0107421875 0.013671875
0 0.1357421875 0.509765625 0.015625 0.015625
0 0.3330078125 0.6845703125 0.033203125 0.0263671875
0 0.23828125 0.599609375 0.0595703125 0.0458984375
0 0.4892578125 0.6474609375 0.0390625 0.0322265625
0 0.216796875 0.158203125 0.03515625 0.033203125
0 0.3603515625 0.8095703125 0.0166015625 0.01171875
0 0.3662109375 0.849609375 0.015625 0.0126953125
0 0.255859375 0.8876953125 0.021484375 0.0146484375
0 0.029296875 0.775390625 0.017578125 0.0126953125
0 0.0693359375 0.896484375 0.01953125 0.0146484375
0 0.3271484375 0.8662109375 0.0205078125 0.015625
0 0.4267578125 0.771484375 0.0107421875 0.013671875
0 0.404296875 0.7578125 0.0166015625 0.0126953125
0 0.3818359375 0.8828125 0.0146484375 0.013671875
0 0.228515625 0.44140625 0.0185546875 0.021484375
0 0.0380859375 0.9296875 0.0166015625 0.0126953125
0 0.009765625 0.984375 0.0146484375 0.0107421875
0 0.0048828125 0.9697265625 0.0087890625 0.013671875
0 0.04296875 0.98046875 0.013671875 0.01171875
0 0.3251953125 0.9765625 0.0283203125 0.0166015625
0 0.3076171875 0.9384765625 0.015625 0.0126953125
0 0.0380859375 0.9033203125 0.017578125 0.0146484375
0 0.0224609375 0.8681640625 0.0126953125 0.0107421875
0 0.431640625 0.8466796875 0.0087890625 0.0087890625
0 0.26171875 0.7685546875 0.0166015625 0.0107421875
0 0.244140625 0.7578125 0.021484375 0.013671875
0 0.076171875 0.78515625 0.0166015625 0.013671875
0 0.0419921875 0.7021484375 0.0185546875 0.0126953125
0 0.2451171875 0.6435546875 0.013671875 0.0107421875
0 0.171875 0.4990234375 0.01171875 0.0107421875
0 0.1474609375 0.4931640625 0.01171875 0.0107421875
0 0.111328125 0.5087890625 0.0166015625 0.013671875
0 0.0576171875 0.2470703125 0.01171875 0.013671875
0 0.41015625 0.294921875 0.0400390625 0.0361328125
0 0.1396484375 0.24609375 0.0087890625 0.009765625
0 0.0322265625 0.22265625 0.0224609375 0.0146484375