0 0.828125 0.7724609375 0.046875 0.0419921875
0 0.96875 0.93359375 0.0498046875 0.0439453125
0 0.5048828125 0.888671875 0.021484375 0.0263671875
0 0.2666015625 0.794921875 0.0234375 0.01953125
0 0.7890625 0.8232421875 0.033203125 0.0283203125
0 0.703125 0.0859375 0.015625 0.017578125
0 0.63671875 0.01953125 0.0166015625 0.015625
0 0.7470703125 0.8525390625 0.025390625 0.0283203125
0 0.4150390625 0.083984375 0.0185546875 0.017578125
0 0.1865234375 0.7744140625 0.021484375 0.0205078125
0 0.51171875 0.044921875 0.017578125 0.0185546875
0 0.400390625 0.89453125 0.02734375 0.0244140625
0 0.0361328125 0.123046875 0.0126953125 0.013671875
0 0.3076171875 0.9189453125 0.02734375 0.03125
0 0.029296875 0.82421875 0.0419921875 0.0380859375
0 0.2822265625 0.634765625 0.0322265625 0.0322265625
0 0.658203125 0.103515625 0.033203125 0.0341796875
0 0.6298828125 0.8642578125 0.03125 0.029296875
0 0.8232421875 0.8642578125 0.0302734375 0.0390625
0 0.4267578125 0.93359375 0.0234375 0.0166015625
0 0.556640625 0.8203125 0.021484375 0.0166015625
0 0.5595703125 0.7138671875 0.017578125 0.015625
0 0.015625 0.3798828125 0.03125 0.03125
0 0.77734375 0.0419921875 0.0302734375 0.02734375
0 0.2919921875 0.763671875 0.0302734375 0.0224609375
0 0.921875 0.404296875 0.02734375 0.0283203125
0 0.076171875 0.287109375 0.015625 0.015625
0 0.8583984375 0.392578125 0.0322265625 0.029296875
0 0.818359375 0.615234375 0.0341796875 0.03125
0 0.92578125 0.880859375 0.03515625 0.02734375
0 0.8359375 0.90234375 0.0166015625 0.015625
0 0.28125 0.9833984375 0.021484375 0.0224609375
0 0.0869140625 0.6591796875 0.025390625 0.0244140625
0 0.876953125 0.6796875 0.013671875 0.0146484375
0 0.5439453125 0.8779296875 0.0205078125 0.015625
0 0.6171875 0.98046875 0.0224609375 0.0185546875
0 0.7890625 0.810546875 0.0126953125 0.0146484375
0 0.927734375 0.794921875 0.0224609375 0.021484375
0 0.8828125 0.93359375 0.0390625 0.04296875
0 0.24609375 0.669921875 0.0146484375 0.0166015625
0 0.9345703125 0.3291015625 0.0341796875 0.025390625
0 0.9326171875 0.30078125 0.029296875 0.0224609375
0 0.4609375 0.78125 0.0595703125 0.029296875
0 0.484375 0.5947265625 0.0341796875 0.0361328125