0 0.36328125 0.0615234375 0.0361328125 0.0224609375
0 0.361328125 0.1474609375 0.0302734375 0.0224609375
0 0.365234375 0.19140625 0.0244140625 0.021484375
0 0.3701171875 0.1279296875 0.0205078125 0.0185546875
0 0.3681640625 0.091796875 0.0283203125 0.01953125
0 0.359375 0.169921875 0.01953125 0.0302734375
0 0.35546875 0.02734375 0.033203125 0.0263671875
0 0.388671875 0.36328125 0.0322265625 0.033203125
0 0.443359375 0.7939453125 0.033203125 0.025390625
0 0.373046875 0.8916015625 0.04296875 0.03125
0 0.3916015625 0.4970703125 0.02734375 0.033203125
0 0.607421875 0.1015625 0.033203125 0.025390625
0 0.1474609375 0.763671875 0.0380859375 0.0302734375
0 0.822265625 0.5283203125 0.0390625 0.04296875
0 0.396484375 0.4599609375 0.0244140625 0.025390625
0 0.4580078125 0.873046875 0.0263671875 0.0322265625