0 0.0390625 0.611328125 0.05859375 0.04296875
0 0.58984375 0.34765625 0.08203125 0.0458984375
0 0.6796875 0.0400390625 0.0439453125 0.0458984375
0 0.8125 0.8486328125 0.03515625 0.0341796875
0 0.8388671875 0.8671875 0.0283203125 0.0263671875
0 0.1728515625 0.9833984375 0.03125 0.0263671875
0 0.5244140625 0.3310546875 0.0390625 0.0439453125
0 0.11328125 0.1376953125 0.025390625 0.0302734375
0 0.6435546875 0.04296875 0.029296875 0.029296875
0 0.046875 0.181640625 0.025390625 0.0234375
0 0.673828125 0.8076171875 0.048828125 0.046875
0 0.8662109375 0.171875 0.0341796875 0.0224609375
0 0.0615234375 0.2626953125 0.03125 0.02734375
0 0.5546875 0.1279296875 0.0380859375 0.0263671875
0 0.7265625 0.88671875 0.033203125 0.0263671875
0 0.666015625 0.876953125 0.0244140625 0.01953125
0 0.2275390625 0.70703125 0.0361328125 0.0361328125
0 0.4208984375 0.3662109375 0.033203125 0.0322265625
0 0.0078125 0.57421875 0.015625 0.03125
0 0.0166015625 0.2490234375 0.0224609375 0.021484375
0 0.189453125 0.341796875 0.0390625 0.033203125
0 0.0146484375 0.86328125 0.0166015625 0.017578125
0 0.6669921875 0.8310546875 0.0390625 0.0361328125
0 0.4814453125 0.3046875 0.01953125 0.0224609375
0 0.388671875 0.572265625 0.0302734375 0.021484375
0 0.435546875 0.5927734375 0.02734375 0.0263671875
0 0.408203125 0.587890625 0.029296875 0.0283203125