0 0.138671875 0.1708984375 0.03125 0.0244140625
0 0.615234375 0.486328125 0.01953125 0.021484375
0 0.8515625 0.3203125 0.037109375 0.033203125
0 0.814453125 0.134765625 0.0224609375 0.017578125
0 0.8173828125 0.35546875 0.0185546875 0.0263671875
0 0.1708984375 0.130859375 0.0224609375 0.0224609375
0 0.982421875 0.134765625 0.0302734375 0.015625
0 0.798828125 0.015625 0.0302734375 0.0234375
0 0.611328125 0.1875 0.029296875 0.0244140625
0 0.650390625 0.25390625 0.0205078125 0.021484375
0 0.0185546875 0.11328125 0.0263671875 0.0341796875
0 0.8642578125 0.46875 0.0302734375 0.0283203125
0 0.91015625 0.4765625 0.0234375 0.0263671875
0 0.9453125 0.5625 0.015625 0.01953125
0 0.80078125 0.0859375 0.0205078125 0.0283203125
0 0.1005859375 0.72265625 0.021484375 0.021484375