0 0.9384765625 0.8876953125 0.044921875 0.03125
0 0.9150390625 0.9111328125 0.0302734375 0.029296875
0 0.98828125 0.9853515625 0.0234375 0.025390625
0 0.7841796875 0.95703125 0.0732421875 0.037109375
0 0.591796875 0.927734375 0.064453125 0.041015625
0 0.4130859375 0.888671875 0.0380859375 0.0341796875
0 0.6513671875 0.3251953125 0.0390625 0.0302734375
0 0.46484375 0.357421875 0.029296875 0.0263671875
0 0.4140625 0.416015625 0.0244140625 0.02734375
0 0.728515625 0.9814453125 0.0458984375 0.037109375
0 0.666015625 0.943359375 0.03515625 0.0322265625
0 0.62109375 0.5771484375 0.0322265625 0.0439453125
0 0.794921875 0.4375 0.0458984375 0.0361328125
0 0.478515625 0.5439453125 0.0302734375 0.0185546875
0 0.728515625 0.4443359375 0.0302734375 0.0283203125
0 0.900390625 0.58984375 0.0185546875 0.0205078125
0 0.38671875 0.7763671875 0.0224609375 0.0205078125
0 0.3935546875 0.85546875 0.0283203125 0.0244140625
0 0.177734375 0.5966796875 0.048828125 0.02734375
0 0.142578125 0.5439453125 0.041015625 0.0419921875
0 0.1982421875 0.6640625 0.0390625 0.0361328125
0 0.21484375 0.529296875 0.0341796875 0.025390625
0 0.345703125 0.376953125 0.029296875 0.025390625
0 0.939453125 0.8017578125 0.0244140625 0.0234375
0 0.1298828125 0.7265625 0.0361328125 0.03125
0 0.529296875 0.439453125 0.021484375 0.01953125
0 0.98046875 0.80078125 0.0234375 0.0234375
0 0.5087890625 0.64453125 0.0400390625 0.033203125
0 0.314453125 0.138671875 0.021484375 0.033203125
0 0.73828125 0.0595703125 0.0283203125 0.021484375
0 0.25 0.4013671875 0.025390625 0.021484375
0 0.265625 0.0595703125 0.01953125 0.025390625
0 0.8369140625 0.994140625 0.0390625 0.01171875
0 0.109375 0.0830078125 0.046875 0.046875
0 0.716796875 0.955078125 0.03125 0.0322265625
0 0.556640625 0.333984375 0.03125 0.0478515625