0 0.4033203125 0.080078125 0.013671875 0.015625
0 0.4267578125 0.064453125 0.013671875 0.015625
0 0.361328125 0.099609375 0.017578125 0.015625
0 0.251953125 0.162109375 0.0185546875 0.017578125
0 0.13671875 0.3603515625 0.0205078125 0.01953125
0 0.1337890625 0.138671875 0.0244140625 0.025390625
0 0.4365234375 0.1337890625 0.0234375 0.02734375
0 0.5546875 0.412109375 0.017578125 0.017578125
0 0.05078125 0.3349609375 0.037109375 0.0322265625
0 0.625 0.3330078125 0.0234375 0.0302734375
0 0.826171875 0.1826171875 0.015625 0.013671875
0 0.4755859375 0.5791015625 0.029296875 0.0205078125
0 0.4755859375 0.6025390625 0.0322265625 0.025390625