0 0.515625 0.3974609375 0.033203125 0.03515625
0 0.6533203125 0.4267578125 0.0322265625 0.0419921875
0 0.884765625 0.4453125 0.044921875 0.0244140625
0 0.7578125 0.2158203125 0.03125 0.03125
0 0.642578125 0.40625 0.033203125 0.0458984375
0 0.8515625 0.15234375 0.025390625 0.0244140625
0 0.32421875 0.724609375 0.025390625 0.01953125
0 0.4873046875 0.365234375 0.03125 0.033203125
0 0.53515625 0.75390625 0.0244140625 0.0234375
0 0.3154296875 0.861328125 0.0234375 0.0185546875
0 0.6845703125 0.4609375 0.03125 0.0302734375
0 0.556640625 0.5888671875 0.021484375 0.0166015625
0 0.9736328125 0.482421875 0.0380859375 0.029296875
0 0.439453125 0.41796875 0.021484375 0.021484375
0 0.2421875 0.9609375 0.0283203125 0.0234375
0 0.626953125 0.71484375 0.0283203125 0.0283203125
0 0.9375 0.3994140625 0.015625 0.0185546875
0 0.9375 0.111328125 0.0185546875 0.0185546875
0 0.7099609375 0.0546875 0.02734375 0.017578125
0 0.8583984375 0.271484375 0.03125 0.0146484375
0 0.849609375 0.2431640625 0.02734375 0.013671875
0 0.8857421875 0.3408203125 0.037109375 0.01953125
0 0.4755859375 0.0634765625 0.0302734375 0.0205078125
0 0.64453125 0.1591796875 0.0185546875 0.017578125
0 0.2470703125 0.1591796875 0.013671875 0.015625
0 0.1435546875 0.826171875 0.0166015625 0.0166015625
0 0.44921875 0.4365234375 0.02734375 0.0224609375
0 0.611328125 0.197265625 0.0322265625 0.0302734375
0 0.451171875 0.83203125 0.0205078125 0.0146484375
0 0.779296875 0.2119140625 0.0703125 0.0419921875
0 0.4951171875 0.357421875 0.01953125 0.0185546875
0 0.3740234375 0.4853515625 0.01171875 0.0107421875
0 0.7470703125 0.42578125 0.033203125 0.03125
0 0.314453125 0.302734375 0.029296875 0.0361328125
0 0.1962890625 0.8515625 0.0166015625 0.017578125
0 0.30859375 0.609375 0.0234375 0.0263671875
0 0.8984375 0.2607421875 0.04296875 0.03515625
0 0.4833984375 0.681640625 0.01171875 0.0126953125
0 0.4765625 0.6689453125 0.0185546875 0.0107421875
0 0.5478515625 0.6611328125 0.01171875 0.015625
0 0.4140625 0.8349609375 0.025390625 0.0185546875
0 0.42578125 0.8486328125 0.0146484375 0.009765625
0 0.4365234375 0.83984375 0.013671875 0.0087890625
0 0.439453125 0.849609375 0.01171875 0.0078125
0 0.4521484375 0.841796875 0.0185546875 0.009765625
0 0.0966796875 0.7548828125 0.017578125 0.0166015625
0 0.392578125 0.5283203125 0.015625 0.0087890625
0 0.373046875 0.0400390625 0.009765625 0.0078125
0 0.388671875 0.02734375 0.015625 0.0078125
0 0.3779296875 0.0341796875 0.0087890625 0.0078125
0 0.4384765625 0.11328125 0.01171875 0.01171875
0 0.4248046875 0.1142578125 0.0107421875 0.01171875
0 0.3798828125 0.0986328125 0.0126953125 0.01171875
0 0.888671875 0.55859375 0.0283203125 0.01953125
0 0.728515625 0.64453125 0.0341796875 0.029296875
0 0.9873046875 0.521484375 0.025390625 0.03125
0 0.919921875 0.634765625 0.0419921875 0.041015625
0 0.927734375 0.4912109375 0.0390625 0.0478515625
0 0.4423828125 0.2314453125 0.0107421875 0.01171875
0 0.6171875 0.5654296875 0.013671875 0.009765625
0 0.6767578125 0.7783203125 0.0224609375 0.0185546875
0 0.78125 0.740234375 0.0302734375 0.0166015625
0 0.17578125 0.2568359375 0.015625 0.0146484375