0 0.0712890625 0.73046875 0.0224609375 0.021484375
0 0.337890625 0.2705078125 0.06640625 0.033203125
0 0.59765625 0.240234375 0.0888671875 0.044921875
0 0.93359375 0.1796875 0.03125 0.041015625
0 0.587890625 0.1025390625 0.060546875 0.0341796875
0 0.353515625 0.1328125 0.05078125 0.037109375
0 0.3203125 0.140625 0.03125 0.0283203125
0 0.1357421875 0.2724609375 0.0615234375 0.041015625
0 0.0615234375 0.3095703125 0.0361328125 0.0302734375
0 0.076171875 0.447265625 0.041015625 0.0439453125
0 0.98046875 0.736328125 0.0244140625 0.021484375
0 0.982421875 0.6962890625 0.021484375 0.0185546875
0 0.16796875 0.169921875 0.0224609375 0.021484375
0 0.2998046875 0.4921875 0.029296875 0.03125
0 0.66796875 0.7080078125 0.0166015625 0.015625
0 0.6220703125 0.703125 0.017578125 0.01953125
0 0.2578125 0.337890625 0.015625 0.017578125
0 0.4306640625 0.708984375 0.0166015625 0.0146484375
0 0.755859375 0.2353515625 0.0302734375 0.025390625
0 0.1962890625 0.271484375 0.013671875 0.0146484375
0 0.2822265625 0.18359375 0.015625 0.017578125
0 0.41015625 0.2587890625 0.0322265625 0.02734375
0 0.42578125 0.3408203125 0.0185546875 0.01171875
0 0.416015625 0.1201171875 0.0390625 0.0263671875
0 0.2275390625 0.75390625 0.015625 0.0146484375
0 0.365234375 0.0537109375 0.0185546875 0.0185546875
0 0.8974609375 0.2001953125 0.0263671875 0.01953125