0 0.2607421875 0.3837890625 0.064453125 0.048828125
0 0.8095703125 0.3076171875 0.033203125 0.029296875
0 0.8798828125 0.4501953125 0.037109375 0.044921875
0 0.69140625 0.5849609375 0.05859375 0.056640625
0 0.736328125 0.62109375 0.05078125 0.0703125
0 0.46484375 0.8017578125 0.06640625 0.068359375
0 0.908203125 0.7880859375 0.03515625 0.056640625
0 0.94921875 0.0263671875 0.0234375 0.025390625
0 0.98046875 0.041015625 0.0234375 0.01953125
0 0.9033203125 0.111328125 0.021484375 0.0234375
0 0.845703125 0.0478515625 0.02734375 0.029296875
0 0.6845703125 0.162109375 0.025390625 0.03515625
0 0.41796875 0.5205078125 0.02734375 0.025390625
0 0.3994140625 0.6767578125 0.029296875 0.029296875
0 0.4853515625 0.7099609375 0.029296875 0.033203125
0 0.90234375 0.6826171875 0.03515625 0.041015625
0 0.8369140625 0.7900390625 0.041015625 0.037109375
0 0.513671875 0.15625 0.02734375 0.03125
0 0.775390625 0.794921875 0.046875 0.0419921875
0 0.3291015625 0.630859375 0.029296875 0.025390625
0 0.9580078125 0.7119140625 0.0361328125 0.03515625
0 0.3828125 0.2548828125 0.025390625 0.0283203125
0 0.658203125 0.34765625 0.0341796875 0.02734375
0 0.658203125 0.5068359375 0.029296875 0.0361328125
0 0.4560546875 0.451171875 0.0380859375 0.0283203125
0 0.748046875 0.525390625 0.0341796875 0.0341796875
0 0.3310546875 0.1953125 0.029296875 0.03125
0 0.11328125 0.3935546875 0.01953125 0.017578125
0 0.939453125 0.638671875 0.056640625 0.0361328125
0 0.8681640625 0.3857421875 0.048828125 0.0322265625
0 0.837890625 0.9267578125 0.04296875 0.0322265625
0 0.529296875 0.7421875 0.02734375 0.0283203125
0 0.767578125 0.4716796875 0.0244140625 0.01953125
0 0.255859375 0.6689453125 0.0224609375 0.025390625
0 0.373046875 0.341796875 0.0390625 0.0361328125
0 0.744140625 0.111328125 0.0341796875 0.0244140625
0 0.763671875 0.40625 0.0224609375 0.0224609375
0 0.7412109375 0.0625 0.05078125 0.0380859375
0 0.505859375 0.037109375 0.0341796875 0.033203125
0 0.759765625 0.939453125 0.0400390625 0.02734375
0 0.7314453125 0.912109375 0.029296875 0.021484375
0 0.3544921875 0.720703125 0.0244140625 0.0244140625
0 0.6025390625 0.673828125 0.033203125 0.0322265625
0 0.2177734375 0.9501953125 0.029296875 0.0185546875
0 0.75 0.25390625 0.0234375 0.021484375
0 0.787109375 0.451171875 0.0595703125 0.046875
0 0.37890625 0.767578125 0.037109375 0.0234375
0 0.712890625 0.6953125 0.060546875 0.041015625
0 0.41015625 0.943359375 0.03125 0.0224609375
0 0.2998046875 0.826171875 0.0439453125 0.0322265625
0 0.50390625 0.544921875 0.0517578125 0.0458984375
0 0.8095703125 0.837890625 0.0634765625 0.05078125
0 0.8203125 0.66796875 0.0341796875 0.03125
0 0.3447265625 0.8125 0.0625 0.0341796875
0 0.830078125 0.46484375 0.0361328125 0.02734375
0 0.623046875 0.658203125 0.0400390625 0.0458984375
0 0.931640625 0.982421875 0.08984375 0.03515625