0 0.42578125 0.1865234375 0.033203125 0.05859375
0 0.46484375 0.189453125 0.0185546875 0.044921875
0 0.43359375 0.0859375 0.0283203125 0.0439453125
0 0.318359375 0.11328125 0.0625 0.03125
0 0.2490234375 0.0986328125 0.029296875 0.021484375
0 0.2275390625 0.208984375 0.0224609375 0.025390625
0 0.3515625 0.212890625 0.044921875 0.0263671875
0 0.3828125 0.197265625 0.0244140625 0.0322265625
0 0.517578125 0.15234375 0.029296875 0.029296875
0 0.5380859375 0.1884765625 0.015625 0.0185546875
0 0.5576171875 0.1494140625 0.0283203125 0.0283203125
0 0.6865234375 0.330078125 0.0341796875 0.0263671875
0 0.5234375 0.2275390625 0.0283203125 0.037109375
0 0.5498046875 0.2666015625 0.0283203125 0.03515625
0 0.5654296875 0.185546875 0.01171875 0.0166015625
0 0.630859375 0.21875 0.041015625 0.04296875
0 0.611328125 0.2529296875 0.0224609375 0.013671875
0 0.5703125 0.2373046875 0.041015625 0.0244140625
0 0.658203125 0.2607421875 0.0390625 0.0390625
0 0.4521484375 0.333984375 0.029296875 0.0244140625
0 0.388671875 0.248046875 0.0361328125 0.0205078125
0 0.4072265625 0.279296875 0.025390625 0.03125
0 0.708984375 0.3671875 0.0263671875 0.02734375
0 0.63671875 0.1337890625 0.0322265625 0.0390625
0 0.5888671875 0.1669921875 0.015625 0.0322265625
0 0.7587890625 0.201171875 0.0146484375 0.0185546875
0 0.71875 0.2109375 0.033203125 0.025390625
0 0.8251953125 0.15234375 0.0283203125 0.02734375
0 0.0673828125 0.189453125 0.0625 0.0546875
0 0.224609375 0.0126953125 0.0400390625 0.0224609375
0 0.2236328125 0.3046875 0.0693359375 0.060546875
0 0.26171875 0.171875 0.0263671875 0.033203125
0 0.3779296875 0.1259765625 0.033203125 0.01953125
0 0.48828125 0.0751953125 0.0263671875 0.0302734375
0 0.466796875 0.095703125 0.03125 0.0263671875
0 0.732421875 0.4033203125 0.044921875 0.0361328125
0 0.8466796875 0.294921875 0.0185546875 0.021484375
0 0.7578125 0.240234375 0.0185546875 0.01953125
0 0.7109375 0.25 0.017578125 0.0166015625
0 0.9658203125 0.2607421875 0.021484375 0.0224609375
0 0.8466796875 0.375 0.0234375 0.0244140625
0 0.978515625 0.0205078125 0.0263671875 0.017578125
0 0.3623046875 0.3974609375 0.0439453125 0.0341796875
0 0.5166015625 0.4892578125 0.029296875 0.0380859375
0 0.5634765625 0.4326171875 0.0234375 0.0302734375
0 0.513671875 0.3759765625 0.037109375 0.03125
0 0.275390625 0.36328125 0.0244140625 0.021484375
0 0.4599609375 0.5732421875 0.044921875 0.0341796875
0 0.49609375 0.6123046875 0.033203125 0.021484375
0 0.390625 0.43359375 0.0419921875 0.021484375
0 0.3359375 0.4599609375 0.029296875 0.037109375
0 0.271484375 0.4169921875 0.02734375 0.0244140625
0 0.1865234375 0.40234375 0.017578125 0.0224609375
0 0.1376953125 0.689453125 0.0322265625 0.0419921875
0 0.3095703125 0.6162109375 0.02734375 0.02734375