0 0.7841796875 0.1162109375 0.0322265625 0.0439453125
0 0.78515625 0.322265625 0.0380859375 0.03125
0 0.90625 0.3037109375 0.05078125 0.0380859375
0 0.8876953125 0.2392578125 0.0302734375 0.025390625
0 0.904296875 0.38671875 0.046875 0.03515625
0 0.076171875 0.251953125 0.0517578125 0.0302734375
0 0.9541015625 0.3828125 0.037109375 0.02734375
0 0.9560546875 0.458984375 0.0283203125 0.0263671875
0 0.9267578125 0.4404296875 0.0390625 0.0341796875
0 0.9091796875 0.4755859375 0.0302734375 0.029296875
0 0.8798828125 0.4462890625 0.0244140625 0.044921875
0 0.84765625 0.4287109375 0.041015625 0.0400390625
0 0.97265625 0.6318359375 0.052734375 0.0693359375
0 0.943359375 0.54296875 0.029296875 0.03125
0 0.7802734375 0.9453125 0.0419921875 0.052734375
0 0.978515625 0.1103515625 0.0400390625 0.01953125
0 0.7216796875 0.0947265625 0.0546875 0.041015625
0 0.6103515625 0.50390625 0.041015625 0.0556640625
0 0.703125 0.3642578125 0.029296875 0.025390625