0 0.2744140625 0.6337890625 0.037109375 0.052734375
0 0.71484375 0.126953125 0.046875 0.03515625
0 0.826171875 0.2978515625 0.02734375 0.029296875
0 0.8427734375 0.427734375 0.044921875 0.0546875
0 0.6357421875 0.5966796875 0.041015625 0.041015625
0 0.94921875 0.697265625 0.0576171875 0.0517578125
0 0.171875 0.365234375 0.041015625 0.048828125
0 0.7802734375 0.478515625 0.0419921875 0.033203125
0 0.79296875 0.326171875 0.0302734375 0.03125
0 0.6337890625 0.3408203125 0.04296875 0.0478515625
0 0.8583984375 0.318359375 0.0224609375 0.0224609375
0 0.1845703125 0.5703125 0.0400390625 0.0322265625
0 0.7060546875 0.357421875 0.037109375 0.0341796875
0 0.8212890625 0.6220703125 0.05859375 0.0791015625
0 0.9072265625 0.36328125 0.0322265625 0.03125
0 0.2841796875 0.0693359375 0.03125 0.037109375
0 0.5322265625 0.1181640625 0.021484375 0.0302734375
0 0.8779296875 0.64453125 0.0263671875 0.03125
0 0.5146484375 0.166015625 0.0224609375 0.02734375
0 0.9873046875 0.3427734375 0.025390625 0.04296875
0 0.466796875 0.12890625 0.021484375 0.0166015625
0 0.697265625 0.083984375 0.025390625 0.04296875
0 0.755859375 0.19921875 0.0263671875 0.02734375
0 0.689453125 0.6376953125 0.0224609375 0.025390625
0 0.9287109375 0.1611328125 0.0224609375 0.029296875
0 0.876953125 0.0302734375 0.0234375 0.0244140625
0 0.74609375 0.0791015625 0.0205078125 0.0224609375
0 0.91015625 0.568359375 0.029296875 0.0341796875
0 0.529296875 0.2021484375 0.0244140625 0.0283203125
0 0.9765625 0.072265625 0.0390625 0.048828125
0 0.677734375 0.1884765625 0.03125 0.029296875
0 0.46484375 0.74609375 0.0283203125 0.029296875
0 0.912109375 0.2412109375 0.0302734375 0.025390625
0 0.255859375 0.59375 0.0361328125 0.041015625
0 0.5810546875 0.3681640625 0.03125 0.029296875
0 0.548828125 0.0224609375 0.0234375 0.0244140625
0 0.826171875 0.048828125 0.033203125 0.0302734375
0 0.8681640625 0.8857421875 0.078125 0.05078125
0 0.7783203125 0.1767578125 0.02734375 0.0263671875
0 0.251953125 0.919921875 0.0517578125 0.046875
0 0.603515625 0.6279296875 0.04296875 0.03125
0 0.345703125 0.1337890625 0.025390625 0.0244140625
0 0.640625 0.857421875 0.0390625 0.0380859375
0 0.787109375 0.2939453125 0.029296875 0.0302734375
0 0.443359375 0.921875 0.0234375 0.0224609375
0 0.263671875 0.4326171875 0.0234375 0.01953125
0 0.4951171875 0.3125 0.0185546875 0.0224609375
0 0.6220703125 0.01171875 0.0244140625 0.0205078125
0 0.505859375 0.609375 0.03125 0.03125
0 0.4306640625 0.5556640625 0.0263671875 0.0263671875
0 0.8076171875 0.115234375 0.02734375 0.037109375
0 0.7939453125 0.080078125 0.025390625 0.0322265625
0 0.517578125 0.822265625 0.0166015625 0.0263671875
0 0.80078125 0.193359375 0.02734375 0.0244140625
0 0.755859375 0.7197265625 0.0498046875 0.056640625
0 0.017578125 0.41015625 0.0283203125 0.0322265625
0 0.509765625 0.69921875 0.052734375 0.046875
0 0.673828125 0.84765625 0.025390625 0.03515625
0 0.806640625 0.15625 0.03515625 0.041015625
0 0.705078125 0.0439453125 0.021484375 0.0224609375
0 0.267578125 0.5322265625 0.01953125 0.021484375
0 0.578125 0.556640625 0.033203125 0.02734375
0 0.220703125 0.6201171875 0.0361328125 0.0419921875
0 0.37890625 0.08984375 0.037109375 0.037109375
0 0.3154296875 0.12109375 0.029296875 0.03515625
0 0.521484375 0.48046875 0.0234375 0.0205078125
0 0.34765625 0.59375 0.0185546875 0.017578125
0 0.6015625 0.7265625 0.0517578125 0.025390625
0 0.185546875 0.732421875 0.0205078125 0.021484375
0 0.82421875 0.259765625 0.033203125 0.0361328125
0 0.9443359375 0.0986328125 0.037109375 0.0458984375
0 0.77734375 0.841796875 0.02734375 0.0302734375
0 0.806640625 0.921875 0.0361328125 0.0244140625
0 0.775390625 0.8994140625 0.0244140625 0.0322265625
0 0.3359375 0.8837890625 0.029296875 0.0302734375
0 0.83984375 0.2236328125 0.03515625 0.015625
0 0.5576171875 0.94921875 0.0400390625 0.0302734375
0 0.9375 0.849609375 0.0244140625 0.021484375
0 0.724609375 0.927734375 0.0283203125 0.0263671875
0 0.94140625 0.26953125 0.0361328125 0.0302734375
0 0.796875 0.947265625 0.0244140625 0.02734375
0 0.634765625 0.1767578125 0.041015625 0.0517578125
0 0.7197265625 0.7890625 0.03125 0.0234375
0 0.15234375 0.90625 0.0224609375 0.0224609375
0 0.56640625 0.78515625 0.033203125 0.0302734375
0 0.4482421875 0.7275390625 0.0234375 0.02734375
0 0.9443359375 0.3681640625 0.021484375 0.01953125
0 0.41796875 0.0966796875 0.0205078125 0.017578125
0 0.771484375 0.8671875 0.0205078125 0.0166015625
0 0.701171875 0.560546875 0.015625 0.0185546875
0 0.287109375 0.4912109375 0.013671875 0.0166015625
0 0.7900390625 0.5361328125 0.01953125 0.0185546875
0 0.4921875 0.4072265625 0.0224609375 0.013671875
0 0.4853515625 0.3935546875 0.01953125 0.013671875
0 0.33203125 0.4736328125 0.0166015625 0.015625
0 0.1728515625 0.5361328125 0.0146484375 0.0107421875