0 0.494140625 0.494140625 0.0458984375 0.0546875
0 0.58984375 0.6630859375 0.0341796875 0.037109375
0 0.6923828125 0.779296875 0.03515625 0.0390625
0 0.7001953125 0.7236328125 0.041015625 0.037109375
0 0.8466796875 0.76953125 0.025390625 0.0234375
0 0.9794921875 0.7265625 0.0322265625 0.037109375
0 0.927734375 0.2080078125 0.0400390625 0.0244140625
0 0.1201171875 0.1630859375 0.0400390625 0.033203125
0 0.169921875 0.2197265625 0.0322265625 0.013671875
0 0.2109375 0.1943359375 0.03125 0.041015625
0 0.154296875 0.267578125 0.0361328125 0.0302734375
0 0.2001953125 0.25390625 0.0224609375 0.029296875
0 0.23046875 0.2490234375 0.0263671875 0.0244140625
0 0.015625 0.2900390625 0.03125 0.0498046875
0 0.072265625 0.2939453125 0.048828125 0.0361328125
0 0.0537109375 0.34765625 0.05078125 0.0478515625
0 0.7880859375 0.263671875 0.0322265625 0.0263671875
0 0.4140625 0.083984375 0.0380859375 0.041015625
0 0.5478515625 0.0439453125 0.041015625 0.0439453125
0 0.73828125 0.0380859375 0.06640625 0.0546875
0 0.7060546875 0.1484375 0.0322265625 0.0390625
0 0.71875 0.189453125 0.0400390625 0.044921875
0 0.3349609375 0.5751953125 0.0458984375 0.04296875
0 0.25390625 0.591796875 0.068359375 0.033203125
0 0.3994140625 0.3359375 0.025390625 0.0234375
0 0.4326171875 0.3759765625 0.0361328125 0.02734375
0 0.4404296875 0.4072265625 0.0380859375 0.0361328125
0 0.3095703125 0.2998046875 0.0595703125 0.0302734375
0 0.2861328125 0.357421875 0.060546875 0.048828125
0 0.13671875 0.08203125 0.03515625 0.0380859375
0 0.18359375 0.0771484375 0.0244140625 0.044921875
0 0.25390625 0.0830078125 0.0478515625 0.04296875
0 0.2607421875 0.130859375 0.0263671875 0.03125
0 0.30078125 0.185546875 0.046875 0.0576171875
0 0.3369140625 0.1328125 0.0615234375 0.03515625
0 0.5029296875 0.1181640625 0.0498046875 0.06640625
0 0.9580078125 0.013671875 0.0498046875 0.0263671875
0 0.82421875 0.0302734375 0.046875 0.0380859375
0 0.078125 0.0546875 0.0439453125 0.04296875
0 0.4169921875 0.017578125 0.0517578125 0.0302734375
0 0.560546875 0.0244140625 0.1015625 0.048828125
0 0.57421875 0.04296875 0.14453125 0.083984375
0 0.439453125 0.2724609375 0.0341796875 0.0302734375
0 0.1962890625 0.291015625 0.0380859375 0.0380859375
0 0.2890625 0.283203125 0.0380859375 0.0400390625
0 0.4375 0.1767578125 0.041015625 0.033203125
0 0.2734375 0.326171875 0.0361328125 0.03125
0 0.4580078125 0.1875 0.0634765625 0.046875
0 0.2421875 0.2138671875 0.037109375 0.0400390625
0 0.8056640625 0.2060546875 0.04296875 0.037109375
0 0.5234375 0.0234375 0.037109375 0.0439453125
0 0.28125 0.23828125 0.0400390625 0.041015625
0 0.306640625 0.138671875 0.05078125 0.0419921875
0 0.912109375 0.0146484375 0.03515625 0.0244140625
0 0.2939453125 0.439453125 0.0419921875 0.02734375
0 0.5634765625 0.11328125 0.0390625 0.0458984375
0 0.4794921875 0.759765625 0.046875 0.0498046875
0 0.37890625 0.166015625 0.0283203125 0.02734375
0 0.0322265625 0.4892578125 0.03515625 0.033203125
0 0.1044921875 0.404296875 0.03515625 0.03125
0 0.3525390625 0.740234375 0.03125 0.0341796875
0 0.775390625 0.142578125 0.0498046875 0.05078125
0 0.708984375 0.5498046875 0.033203125 0.04296875
0 0.640625 0.255859375 0.029296875 0.0234375
0 0.68359375 0.6435546875 0.0361328125 0.0380859375
0 0.037109375 0.4052734375 0.046875 0.052734375
0 0.591796875 0.7177734375 0.0234375 0.03125
0 0.978515625 0.626953125 0.0224609375 0.025390625
0 0.916015625 0.0498046875 0.0224609375 0.021484375
0 0.9833984375 0.13671875 0.015625 0.0185546875
0 0.658203125 0.0703125 0.0263671875 0.0263671875
0 0.7080078125 0.0751953125 0.0126953125 0.015625