0 0.7392578125 0.2431640625 0.05078125 0.0478515625
0 0.4169921875 0.28125 0.046875 0.0302734375
0 0.7958984375 0.072265625 0.0341796875 0.0361328125
0 0.8427734375 0.103515625 0.029296875 0.03125
0 0.7529296875 0.0751953125 0.041015625 0.0380859375
0 0.791015625 0.1240234375 0.0498046875 0.04296875
0 0.404296875 0.2275390625 0.052734375 0.0400390625
0 0.97265625 0.10546875 0.037109375 0.03515625
0 0.7783203125 0.1044921875 0.0322265625 0.029296875
0 0.8974609375 0.119140625 0.080078125 0.06640625
0 0.31640625 0.912109375 0.0302734375 0.02734375
0 0.72265625 0.1005859375 0.03515625 0.029296875
0 0.798828125 0.03125 0.03515625 0.01953125
0 0.7490234375 0.111328125 0.03515625 0.0380859375
0 0.984375 0.0673828125 0.029296875 0.029296875
0 0.673828125 0.359375 0.025390625 0.0283203125
0 0.4794921875 0.447265625 0.0224609375 0.0185546875
0 0.6767578125 0.56640625 0.0234375 0.0283203125
0 0.90625 0.0703125 0.0576171875 0.052734375
0 0.29296875 0.6015625 0.0244140625 0.0224609375
0 0.318359375 0.052734375 0.02734375 0.0283203125
0 0.599609375 0.3203125 0.0205078125 0.02734375
0 0.322265625 0.2841796875 0.025390625 0.033203125
0 0.2236328125 0.3525390625 0.0263671875 0.0244140625
0 0.916015625 0.173828125 0.041015625 0.033203125
0 0.412109375 0.4921875 0.0322265625 0.037109375
0 0.978515625 0.154296875 0.04296875 0.05078125
0 0.455078125 0.240234375 0.041015625 0.025390625
0 0.8525390625 0.15625 0.02734375 0.0224609375
0 0.0576171875 0.0517578125 0.0205078125 0.0166015625
0 0.671875 0.2734375 0.029296875 0.029296875
0 0.36328125 0.2939453125 0.03125 0.0244140625
0 0.783203125 0.171875 0.0419921875 0.0390625
0 0.7568359375 0.416015625 0.0166015625 0.0185546875
0 0.8681640625 0.6103515625 0.0390625 0.0390625
0 0.373046875 0.748046875 0.0283203125 0.0341796875
0 0.943359375 0.576171875 0.0361328125 0.0361328125
0 0.4541015625 0.650390625 0.0166015625 0.013671875
0 0.939453125 0.8828125 0.0263671875 0.0341796875
0 0.7177734375 0.8056640625 0.03515625 0.0302734375
0 0.0224609375 0.32421875 0.0400390625 0.037109375
0 0.3515625 0.95703125 0.0361328125 0.0224609375