0 0.8046875 0.9013671875 0.064453125 0.046875
0 0.7734375 0.0166015625 0.0439453125 0.033203125
0 0.6650390625 0.0146484375 0.044921875 0.025390625
0 0.4228515625 0.166015625 0.0146484375 0.0166015625
0 0.4345703125 0.1357421875 0.0302734375 0.017578125
0 0.5615234375 0.154296875 0.046875 0.048828125
0 0.509765625 0.0908203125 0.025390625 0.021484375
0 0.5224609375 0.037109375 0.021484375 0.0263671875
0 0.1259765625 0.0791015625 0.0341796875 0.0341796875
0 0.08203125 0.1376953125 0.0380859375 0.0234375
0 0.763671875 0.1328125 0.021484375 0.046875
0 0.9462890625 0.2138671875 0.0224609375 0.0283203125
0 0.4658203125 0.791015625 0.0419921875 0.03125
0 0.556640625 0.7841796875 0.0205078125 0.03515625
0 0.974609375 0.9609375 0.0439453125 0.0400390625
0 0.927734375 0.916015625 0.0302734375 0.0234375
0 0.8486328125 0.798828125 0.02734375 0.0283203125
0 0.375 0.517578125 0.025390625 0.021484375
0 0.28125 0.5830078125 0.015625 0.02734375
0 0.23828125 0.501953125 0.0390625 0.0234375
0 0.6015625 0.451171875 0.060546875 0.037109375
0 0.6220703125 0.38671875 0.03515625 0.0361328125
0 0.5888671875 0.5908203125 0.0419921875 0.0244140625
0 0.55078125 0.611328125 0.0390625 0.025390625
0 0.07421875 0.5361328125 0.0234375 0.0244140625
0 0.09375 0.5888671875 0.037109375 0.03125