0 0.6962890625 0.6826171875 0.0439453125 0.046875
0 0.65234375 0.69140625 0.0439453125 0.041015625
0 0.6640625 0.7314453125 0.033203125 0.0390625
0 0.4677734375 0.80078125 0.0322265625 0.03125
0 0.388671875 0.701171875 0.0283203125 0.0263671875
0 0.4873046875 0.6640625 0.0390625 0.0322265625
0 0.572265625 0.623046875 0.0390625 0.0283203125
0 0.583984375 0.580078125 0.0234375 0.0263671875
0 0.521484375 0.8125 0.0458984375 0.037109375
0 0.6318359375 0.9521484375 0.04296875 0.033203125
0 0.375 0.66015625 0.0390625 0.0322265625
0 0.41015625 0.76171875 0.0439453125 0.03125
0 0.82421875 0.818359375 0.03515625 0.0244140625
0 0.5390625 0.66796875 0.0390625 0.0361328125
0 0.3984375 0.599609375 0.046875 0.0302734375
0 0.8076171875 0.880859375 0.0517578125 0.03515625
0 0.6904296875 0.783203125 0.0302734375 0.0283203125
0 0.412109375 0.7861328125 0.03515625 0.0244140625
0 0.72265625 0.7177734375 0.03515625 0.0322265625
0 0.48828125 0.83984375 0.025390625 0.0283203125
0 0.55078125 0.9365234375 0.0234375 0.0234375
0 0.609375 0.556640625 0.029296875 0.0263671875
0 0.7958984375 0.609375 0.037109375 0.03125
0 0.537109375 0.962890625 0.0302734375 0.029296875
0 0.578125 0.51953125 0.029296875 0.0244140625
0 0.8740234375 0.9150390625 0.052734375 0.0400390625
0 0.8916015625 0.833984375 0.048828125 0.0302734375
0 0.685546875 0.75 0.0361328125 0.025390625
0 0.5849609375 0.8896484375 0.0546875 0.0537109375
0 0.392578125 0.962890625 0.0498046875 0.0419921875
0 0.5107421875 0.611328125 0.0341796875 0.044921875
0 0.91796875 0.6005859375 0.0458984375 0.044921875
0 0.685546875 0.9091796875 0.029296875 0.02734375
0 0.44921875 0.2490234375 0.0283203125 0.033203125
0 0.599609375 0.4384765625 0.0205078125 0.03515625
0 0.232421875 0.8203125 0.0556640625 0.041015625
0 0.38671875 0.6416015625 0.046875 0.0380859375
0 0.505859375 0.806640625 0.0224609375 0.021484375
0 0.361328125 0.416015625 0.0283203125 0.017578125
0 0.234375 0.6328125 0.033203125 0.0322265625
0 0.5 0.37890625 0.041015625 0.0390625
0 0.40234375 0.2626953125 0.0361328125 0.0361328125
0 0.052734375 0.7421875 0.0400390625 0.0263671875
0 0.412109375 0.41796875 0.0439453125 0.0263671875
0 0.8369140625 0.341796875 0.0390625 0.0263671875
0 0.0234375 0.6953125 0.0283203125 0.0341796875
0 0.1884765625 0.5283203125 0.0458984375 0.0439453125
0 0.8916015625 0.603515625 0.0205078125 0.033203125
0 0.484375 0.4072265625 0.0302734375 0.015625
0 0.46875 0.5380859375 0.02734375 0.01953125
0 0.2666015625 0.4853515625 0.0341796875 0.017578125
0 0.478515625 0.7431640625 0.02734375 0.0185546875
0 0.8359375 0.7255859375 0.0234375 0.01953125
0 0.93359375 0.4775390625 0.0185546875 0.0185546875
0 0.455078125 0.958984375 0.0283203125 0.029296875