0 0.5283203125 0.1259765625 0.046875 0.05078125
0 0.791015625 0.216796875 0.0224609375 0.0224609375
0 0.826171875 0.22265625 0.02734375 0.0224609375
0 0.8984375 0.23046875 0.0390625 0.01953125
0 0.7158203125 0.744140625 0.025390625 0.01953125
0 0.765625 0.7890625 0.0439453125 0.0390625
0 0.0703125 0.736328125 0.0224609375 0.0224609375
0 0.921875 0.15625 0.01953125 0.017578125
0 0.7529296875 0.203125 0.01953125 0.0185546875
0 0.3515625 0.4970703125 0.0322265625 0.0341796875
0 0.896484375 0.2763671875 0.0185546875 0.0146484375
0 0.595703125 0.462890625 0.0205078125 0.0224609375
0 0.49609375 0.796875 0.03125 0.03125
0 0.568359375 0.822265625 0.0458984375 0.021484375
0 0.39453125 0.1650390625 0.02734375 0.0224609375
0 0.619140625 0.2392578125 0.0263671875 0.0283203125
0 0.96875 0.87890625 0.0322265625 0.0322265625
0 0.763671875 0.2998046875 0.0361328125 0.021484375
0 0.0927734375 0.669921875 0.02734375 0.0263671875
0 0.7734375 0.681640625 0.0224609375 0.01953125
0 0.685546875 0.900390625 0.0546875 0.0498046875
0 0.6123046875 0.703125 0.048828125 0.0390625
0 0.599609375 0.845703125 0.052734375 0.0419921875
0 0.3818359375 0.884765625 0.0224609375 0.0283203125
0 0.04296875 0.76953125 0.0419921875 0.0556640625
0 0.140625 0.1396484375 0.0185546875 0.017578125
0 0.013671875 0.2734375 0.0244140625 0.0234375
0 0.607421875 0.8798828125 0.0498046875 0.041015625
0 0.4189453125 0.96875 0.0439453125 0.0263671875
0 0.5 0.8837890625 0.064453125 0.052734375
0 0.8349609375 0.8330078125 0.0498046875 0.046875
0 0.513671875 0.95703125 0.0703125 0.048828125
0 0.24609375 0.5400390625 0.0859375 0.064453125
0 0.7607421875 0.6630859375 0.029296875 0.02734375
0 0.626953125 0.7294921875 0.05078125 0.048828125
0 0.046875 0.162109375 0.021484375 0.0244140625
0 0.5830078125 0.9697265625 0.056640625 0.060546875
0 0.900390625 0.3984375 0.0439453125 0.0380859375
0 0.318359375 0.7431640625 0.0478515625 0.0341796875
0 0.681640625 0.767578125 0.041015625 0.0302734375
0 0.125 0.8642578125 0.0400390625 0.0439453125
0 0.0185546875 0.5634765625 0.0361328125 0.03515625
0 0.724609375 0.83984375 0.0361328125 0.025390625
0 0.861328125 0.9580078125 0.08984375 0.0703125