0 0.0556640625 0.4228515625 0.0537109375 0.0517578125
0 0.4208984375 0.5625 0.0615234375 0.021484375
0 0.4091796875 0.5234375 0.044921875 0.064453125
0 0.431640625 0.5869140625 0.0673828125 0.0361328125
0 0.1484375 0.42578125 0.056640625 0.0400390625
0 0.4912109375 0.580078125 0.046875 0.02734375
0 0.1328125 0.529296875 0.056640625 0.041015625
0 0.521484375 0.583984375 0.037109375 0.029296875
0 0.240234375 0.4970703125 0.0537109375 0.0400390625
0 0.537109375 0.6728515625 0.0439453125 0.029296875
0 0.470703125 0.673828125 0.0556640625 0.0478515625
0 0.5390625 0.33984375 0.04296875 0.037109375
0 0.541015625 0.740234375 0.03515625 0.033203125
0 0.4365234375 0.296875 0.0419921875 0.0361328125
0 0.369140625 0.4306640625 0.0458984375 0.0478515625
0 0.91015625 0.56640625 0.0458984375 0.0458984375
0 0.2470703125 0.435546875 0.0751953125 0.0712890625
0 0.470703125 0.255859375 0.04296875 0.03515625
0 0.33203125 0.4013671875 0.0341796875 0.0380859375
0 0.3251953125 0.515625 0.04296875 0.0498046875
0 0.017578125 0.5556640625 0.03515625 0.0458984375
0 0.33203125 0.4375 0.033203125 0.0458984375
0 0.564453125 0.748046875 0.07421875 0.05078125
0 0.625 0.841796875 0.033203125 0.0283203125
0 0.375 0.2431640625 0.0439453125 0.0419921875
0 0.24609375 0.1708984375 0.02734375 0.02734375
0 0.0380859375 0.7578125 0.0703125 0.0380859375
0 0.388671875 0.85546875 0.0556640625 0.06640625
0 0.5302734375 0.400390625 0.037109375 0.0390625
0 0.052734375 0.658203125 0.0439453125 0.037109375
0 0.0576171875 0.8203125 0.0283203125 0.0380859375
0 0.849609375 0.8779296875 0.0625 0.0439453125
0 0.537109375 0.779296875 0.078125 0.048828125
0 0.671875 0.837890625 0.033203125 0.037109375
0 0.1943359375 0.26953125 0.05859375 0.0478515625
0 0.337890625 0.6533203125 0.078125 0.0341796875
0 0.3427734375 0.9453125 0.0595703125 0.046875
0 0.2802734375 0.1669921875 0.0595703125 0.0283203125
0 0.6181640625 0.79296875 0.05859375 0.0546875
0 0.61328125 0.5849609375 0.056640625 0.046875
0 0.2646484375 0.25 0.052734375 0.0439453125
0 0.62890625 0.8544921875 0.052734375 0.0791015625
0 0.8203125 0.9013671875 0.0498046875 0.0380859375
0 0.263671875 0.919921875 0.02734375 0.01953125
0 0.31640625 0.3544921875 0.03125 0.033203125
0 0.486328125 0.3212890625 0.052734375 0.0517578125
0 0.61328125 0.1162109375 0.037109375 0.0400390625
0 0.1572265625 0.306640625 0.0380859375 0.0361328125
0 0.4521484375 0.8125 0.044921875 0.037109375
0 0.46484375 0.03125 0.0283203125 0.0234375
0 0.34765625 0.7890625 0.07421875 0.0849609375
0 0.8359375 0.796875 0.0654296875 0.0546875
0 0.4677734375 0.71484375 0.04296875 0.0419921875
0 0.2900390625 0.8671875 0.037109375 0.0361328125
0 0.890625 0.9560546875 0.0146484375 0.029296875
0 0.732421875 0.56640625 0.05078125 0.05078125
0 0.9296875 0.0302734375 0.0625 0.0595703125
0 0.244140625 0.255859375 0.029296875 0.0302734375
0 0.75390625 0.939453125 0.041015625 0.0390625
0 0.3837890625 0.3017578125 0.0615234375 0.0439453125
0 0.5556640625 0.0888671875 0.0224609375 0.0244140625
0 0.267578125 0.2138671875 0.029296875 0.0283203125
0 0.2900390625 0.314453125 0.052734375 0.0498046875
0 0.5556640625 0.966796875 0.0546875 0.048828125
0 0.0732421875 0.9541015625 0.0595703125 0.0556640625
0 0.96484375 0.916015625 0.0185546875 0.0234375
0 0.3525390625 0.259765625 0.0390625 0.04296875
0 0.298828125 0.9716796875 0.0302734375 0.021484375
0 0.826171875 0.6015625 0.05859375 0.0615234375
0 0.046875 0.5205078125 0.0927734375 0.1142578125
0 0.603515625 0.1806640625 0.1044921875 0.08203125
0 0.392578125 0.126953125 0.08984375 0.076171875
0 0.7099609375 0.732421875 0.0283203125 0.0302734375
0 0.94921875 0.1025390625 0.0849609375 0.072265625
0 0.6943359375 0.5859375 0.041015625 0.033203125
0 0.970703125 0.021484375 0.044921875 0.0361328125
0 0.8515625 0.2109375 0.119140625 0.142578125
0 0.54296875 0.224609375 0.0361328125 0.029296875
0 0.81640625 0.6484375 0.056640625 0.060546875
0 0.9248046875 0.6865234375 0.0205078125 0.0234375
0 0.431640625 0.2646484375 0.0283203125 0.0283203125
0 0.9765625 0.2275390625 0.037109375 0.0322265625
0 0.564453125 0.55078125 0.0458984375 0.044921875
0 0.1845703125 0.3271484375 0.115234375 0.1201171875
0 0.646484375 0.5390625 0.0244140625 0.01953125
0 0.2490234375 0.2265625 0.0361328125 0.0263671875
0 0.91796875 0.046875 0.0244140625 0.017578125
0 0.94921875 0.9677734375 0.0234375 0.0244140625
0 0.91015625 0.482421875 0.0224609375 0.015625
0 0.974609375 0.373046875 0.0380859375 0.0478515625
0 0.7421875 0.0458984375 0.05078125 0.05859375
0 0.984375 0.84375 0.0146484375 0.0244140625
0 0.814453125 0.89453125 0.0244140625 0.0224609375
0 0.173828125 0.3701171875 0.0283203125 0.0283203125
0 0.9501953125 0.4052734375 0.099609375 0.068359375
0 0.0302734375 0.9951171875 0.029296875 0.009765625
0 0.935546875 0.6162109375 0.12890625 0.189453125