0 0.1669921875 0.6240234375 0.033203125 0.029296875
0 0.240234375 0.552734375 0.0263671875 0.021484375
0 0.0263671875 0.61328125 0.0283203125 0.0263671875
0 0.1337890625 0.5654296875 0.03515625 0.037109375
0 0.2734375 0.7529296875 0.03125 0.037109375
0 0.2578125 0.611328125 0.0234375 0.0283203125
0 0.833984375 0.2451171875 0.0234375 0.025390625
0 0.90625 0.408203125 0.03125 0.02734375
0 0.22265625 0.5546875 0.015625 0.025390625
0 0.1640625 0.533203125 0.0234375 0.0185546875
0 0.1455078125 0.4755859375 0.0234375 0.025390625