0 0.3916015625 0.2001953125 0.048828125 0.037109375
0 0.3291015625 0.1298828125 0.041015625 0.025390625
0 0.365234375 0.1669921875 0.044921875 0.037109375
0 0.2705078125 0.279296875 0.0380859375 0.046875
0 0.70703125 0.4931640625 0.0751953125 0.056640625
0 0.365234375 0.1337890625 0.0361328125 0.0263671875
0 0.123046875 0.044921875 0.046875 0.0390625
0 0.3779296875 0.23046875 0.0341796875 0.0244140625
0 0.3017578125 0.1845703125 0.029296875 0.0263671875
0 0.111328125 0.888671875 0.0673828125 0.0625
0 0.40234375 0.52734375 0.029296875 0.037109375
0 0.0380859375 0.3974609375 0.0478515625 0.041015625
0 0.623046875 0.02734375 0.0693359375 0.0419921875
0 0.1630859375 0.337890625 0.0341796875 0.033203125
0 0.544921875 0.3037109375 0.0419921875 0.0439453125
0 0.46484375 0.2978515625 0.044921875 0.037109375
0 0.6005859375 0.029296875 0.033203125 0.0283203125
0 0.5380859375 0.4189453125 0.0283203125 0.0322265625
0 0.25 0.78515625 0.072265625 0.0732421875
0 0.126953125 0.400390625 0.0390625 0.0439453125
0 0.64453125 0.5234375 0.04296875 0.0615234375
0 0.3056640625 0.7255859375 0.0751953125 0.0771484375
0 0.677734375 0.310546875 0.0478515625 0.0458984375
0 0.7822265625 0.689453125 0.037109375 0.0478515625
0 0.3701171875 0.73828125 0.03515625 0.033203125
0 0.2880859375 0.736328125 0.037109375 0.0361328125
0 0.2177734375 0.51953125 0.044921875 0.0439453125
0 0.060546875 0.6962890625 0.068359375 0.048828125
0 0.4765625 0.2265625 0.0283203125 0.0244140625
0 0.9873046875 0.4140625 0.0244140625 0.029296875
0 0.69921875 0.3408203125 0.0966796875 0.0830078125
0 0.146484375 0.6435546875 0.0791015625 0.0703125
0 0.302734375 0.0869140625 0.0390625 0.03125
0 0.4677734375 0.6875 0.0556640625 0.0576171875
0 0.8505859375 0.4404296875 0.02734375 0.025390625
0 0.580078125 0.36328125 0.02734375 0.025390625
0 0.181640625 0.1552734375 0.0185546875 0.01953125
0 0.16796875 0.1474609375 0.0166015625 0.013671875
0 0.2734375 0.05859375 0.0234375 0.01953125
0 0.30859375 0.05859375 0.0224609375 0.017578125
0 0.3681640625 0.1025390625 0.0224609375 0.025390625
0 0.0556640625 0.0859375 0.0302734375 0.0234375
0 0.22265625 0.4365234375 0.0283203125 0.0322265625
0 0.24609375 0.6318359375 0.025390625 0.025390625
0 0.5986328125 0.4296875 0.0263671875 0.0244140625
0 0.22265625 0.90234375 0.0556640625 0.0439453125
0 0.4228515625 0.791015625 0.02734375 0.033203125
0 0.4970703125 0.8486328125 0.0234375 0.0244140625
0 0.4833984375 0.9853515625 0.033203125 0.0244140625
0 0.51171875 0.951171875 0.0166015625 0.017578125
0 0.7939453125 0.943359375 0.029296875 0.029296875
0 0.833984375 0.53125 0.02734375 0.025390625
0 0.94921875 0.4765625 0.060546875 0.0576171875
0 0.9697265625 0.515625 0.0341796875 0.0322265625
0 0.7880859375 0.4765625 0.021484375 0.0234375
0 0.6875 0.1806640625 0.0283203125 0.033203125