0 0.7783203125 0.16796875 0.05078125 0.0615234375
0 0.775390625 0.23046875 0.02734375 0.0439453125
0 0.955078125 0.1826171875 0.0498046875 0.0693359375
0 0.6826171875 0.5546875 0.029296875 0.0380859375
0 0.48828125 0.74609375 0.048828125 0.0498046875
0 0.322265625 0.392578125 0.0390625 0.0498046875
0 0.0888671875 0.263671875 0.0283203125 0.0341796875
0 0.11328125 0.4208984375 0.0361328125 0.037109375
0 0.16015625 0.1875 0.01953125 0.0224609375
0 0.611328125 0.453125 0.033203125 0.0390625
0 0.681640625 0.412109375 0.0322265625 0.0341796875
0 0.40625 0.169921875 0.0439453125 0.037109375
0 0.58984375 0.5751953125 0.0361328125 0.0361328125
0 0.0791015625 0.8759765625 0.03125 0.0244140625
0 0.669921875 0.478515625 0.037109375 0.021484375
0 0.6953125 0.93359375 0.0302734375 0.0361328125
0 0.826171875 0.439453125 0.0234375 0.0205078125
0 0.611328125 0.3955078125 0.02734375 0.0400390625
0 0.826171875 0.82421875 0.033203125 0.03125
0 0.744140625 0.666015625 0.0380859375 0.021484375
0 0.21875 0.6279296875 0.03515625 0.0341796875
0 0.8359375 0.955078125 0.02734375 0.0283203125
0 0.45703125 0.638671875 0.0283203125 0.0244140625
0 0.68359375 0.849609375 0.0380859375 0.0380859375
0 0.322265625 0.451171875 0.0390625 0.0283203125
0 0.900390625 0.7939453125 0.03125 0.0439453125
0 0.578125 0.265625 0.03125 0.060546875
0 0.404296875 0.47265625 0.0400390625 0.0390625
0 0.83984375 0.88671875 0.041015625 0.0380859375
0 0.208984375 0.939453125 0.05078125 0.0458984375
0 0.568359375 0.7451171875 0.033203125 0.0302734375
0 0.0888671875 0.822265625 0.037109375 0.0419921875
0 0.4931640625 0.4892578125 0.037109375 0.0322265625
0 0.955078125 0.896484375 0.0224609375 0.0185546875
0 0.427734375 0.2841796875 0.02734375 0.0263671875
0 0.46875 0.69921875 0.029296875 0.0244140625
0 0.1865234375 0.2412109375 0.0478515625 0.0537109375
0 0.1923828125 0.0390625 0.0283203125 0.025390625
0 0.42578125 0.517578125 0.033203125 0.04296875
0 0.0908203125 0.55859375 0.0419921875 0.05078125
0 0.6044921875 0.826171875 0.0751953125 0.0693359375
0 0.2919921875 0.826171875 0.0302734375 0.0283203125
0 0.8779296875 0.9599609375 0.03125 0.021484375
0 0.0986328125 0.6484375 0.037109375 0.03515625
0 0.1455078125 0.3310546875 0.0234375 0.0263671875
0 0.771484375 0.537109375 0.0244140625 0.03125
0 0.8046875 0.912109375 0.0205078125 0.0244140625
0 0.3095703125 0.76953125 0.029296875 0.0234375
0 0.654296875 0.9677734375 0.03515625 0.0341796875
0 0.39453125 0.2021484375 0.0244140625 0.0244140625
0 0.76953125 0.74609375 0.046875 0.0361328125
0 0.36328125 0.888671875 0.0419921875 0.0361328125
0 0.578125 0.3857421875 0.041015625 0.0380859375
0 0.9140625 0.4619140625 0.03125 0.0380859375
0 0.5234375 0.0146484375 0.0302734375 0.029296875
0 0.41796875 0.87109375 0.0341796875 0.0361328125
0 0.875 0.24609375 0.03125 0.0361328125
0 0.4453125 0.06640625 0.0302734375 0.0302734375
0 0.34375 0.5546875 0.037109375 0.03515625
0 0.87890625 0.3623046875 0.03125 0.0380859375
0 0.0869140625 0.173828125 0.03125 0.021484375
0 0.1416015625 0.625 0.0498046875 0.0419921875
0 0.83984375 0.08203125 0.025390625 0.0244140625
0 0.0439453125 0.625 0.037109375 0.0458984375
0 0.6416015625 0.6328125 0.0439453125 0.0302734375
0 0.744140625 0.986328125 0.03125 0.0244140625
0 0.9453125 0.298828125 0.01953125 0.01953125
0 0.193359375 0.30859375 0.0205078125 0.021484375
0 0.96875 0.033203125 0.03125 0.0341796875
0 0.328125 0.984375 0.01953125 0.025390625
0 0.4990234375 0.453125 0.0478515625 0.025390625
0 0.33984375 0.42578125 0.02734375 0.0263671875
0 0.4443359375 0.25 0.025390625 0.0244140625
0 0.07421875 0.31640625 0.0234375 0.025390625
0 0.51953125 0.544921875 0.0185546875 0.025390625
0 0.970703125 0.84765625 0.0126953125 0.01953125
0 0.576171875 0.966796875 0.0419921875 0.044921875
0 0.7353515625 0.822265625 0.03125 0.0244140625
0 0.744140625 0.8720703125 0.0390625 0.0341796875
0 0.3828125 0.4228515625 0.041015625 0.041015625