0 0.7685546875 0.1416015625 0.0263671875 0.04296875
0 0.853515625 0.46875 0.02734375 0.0390625
0 0.8408203125 0.390625 0.05859375 0.0419921875
0 0.6630859375 0.3955078125 0.0498046875 0.021484375
0 0.861328125 0.5673828125 0.029296875 0.041015625
0 0.8984375 0.58984375 0.0224609375 0.0458984375
0 0.9775390625 0.5009765625 0.044921875 0.0380859375
0 0.9111328125 0.716796875 0.0341796875 0.056640625
0 0.8642578125 0.744140625 0.03125 0.068359375
0 0.6162109375 0.60546875 0.0380859375 0.033203125
0 0.7802734375 0.2490234375 0.0595703125 0.0537109375
0 0.96484375 0.392578125 0.0244140625 0.0380859375
0 0.806640625 0.0625 0.0322265625 0.037109375
0 0.37109375 0.154296875 0.0302734375 0.0390625