0 0.5703125 0.255859375 0.037109375 0.0390625
0 0.7861328125 0.6005859375 0.0341796875 0.0302734375
0 0.7177734375 0.8916015625 0.0283203125 0.041015625
0 0.67578125 0.138671875 0.0244140625 0.025390625
0 0.7119140625 0.58984375 0.0322265625 0.03125
0 0.771484375 0.560546875 0.0263671875 0.02734375
0 0.4375 0.34375 0.0234375 0.03125
0 0.408203125 0.4267578125 0.0234375 0.0224609375
0 0.4716796875 0.54296875 0.0205078125 0.017578125
0 0.3642578125 0.408203125 0.0185546875 0.017578125
0 0.5595703125 0.892578125 0.02734375 0.02734375
0 0.541015625 0.1787109375 0.021484375 0.0263671875
0 0.296875 0.44140625 0.0244140625 0.0283203125
0 0.431640625 0.076171875 0.033203125 0.03125
0 0.4384765625 0.4599609375 0.0185546875 0.0205078125
0 0.6171875 0.0947265625 0.017578125 0.0234375
0 0.693359375 0.8759765625 0.0185546875 0.0244140625
0 0.955078125 0.0888671875 0.041015625 0.0419921875
0 0.7919921875 0.1474609375 0.0263671875 0.025390625
0 0.390625 0.5703125 0.0595703125 0.0498046875
0 0.3251953125 0.9814453125 0.0283203125 0.0283203125
0 0.7666015625 0.8427734375 0.0234375 0.0263671875