0 0.9248046875 0.4248046875 0.0361328125 0.0283203125
0 0.91796875 0.283203125 0.0361328125 0.0361328125
0 0.296875 0.1298828125 0.0390625 0.0341796875
0 0.8154296875 0.72265625 0.0166015625 0.0390625
0 0.32421875 0.9013671875 0.033203125 0.0439453125
0 0.125 0.9052734375 0.0341796875 0.0263671875
0 0.388671875 0.7275390625 0.021484375 0.03125
0 0.3564453125 0.705078125 0.0478515625 0.0419921875
0 0.173828125 0.623046875 0.0263671875 0.0205078125
0 0.017578125 0.5966796875 0.0341796875 0.0283203125
0 0.5107421875 0.419921875 0.033203125 0.041015625
0 0.634765625 0.92578125 0.0234375 0.0234375
0 0.1396484375 0.7685546875 0.0361328125 0.03515625