0 0.888671875 0.4443359375 0.0205078125 0.03125
0 0.923828125 0.3623046875 0.025390625 0.017578125
0 0.919921875 0.140625 0.0283203125 0.0283203125
0 0.8828125 0.2998046875 0.03515625 0.0302734375
0 0.8056640625 0.3994140625 0.0244140625 0.0244140625
0 0.7705078125 0.0380859375 0.0244140625 0.0322265625
0 0.89453125 0.232421875 0.02734375 0.037109375
0 0.845703125 0.3564453125 0.021484375 0.0166015625
0 0.814453125 0.4716796875 0.021484375 0.01953125
0 0.83984375 0.505859375 0.02734375 0.0263671875
0 0.953125 0.25 0.02734375 0.0380859375
0 0.94921875 0.1806640625 0.0185546875 0.02734375
0 0.923828125 0.19140625 0.03515625 0.0263671875
0 0.8876953125 0.1884765625 0.0234375 0.021484375
0 0.8955078125 0.220703125 0.0224609375 0.0234375
0 0.9306640625 0.138671875 0.03515625 0.0234375
0 0.76171875 0.384765625 0.0302734375 0.029296875
0 0.873046875 0.7021484375 0.037109375 0.0419921875
0 0.0126953125 0.5732421875 0.0234375 0.01953125
0 0.888671875 0.0859375 0.044921875 0.0390625
0 0.814453125 0.916015625 0.017578125 0.0166015625