0 0.2548828125 0.69140625 0.0283203125 0.0458984375
0 0.328125 0.9287109375 0.0322265625 0.00390625
0 0.115234375 0.1025390625 0.0400390625 0.04296875
0 0.0625 0.3779296875 0.021484375 0.0341796875
0 0.3173828125 0.2666015625 0.017578125 0.0244140625
0 0.2021484375 0.2587890625 0.0390625 0.0341796875
0 0.080078125 0.259765625 0.025390625 0.0283203125
0 0.0380859375 0.181640625 0.0283203125 0.0234375
0 0.1318359375 0.7216796875 0.015625 0.0146484375
0 0.0966796875 0.7333984375 0.029296875 0.021484375
0 0.1533203125 0.9697265625 0.0205078125 0.0283203125
0 0.162109375 0.92578125 0.0205078125 0.0224609375