0 0.392578125 0.373046875 0.0244140625 0.0224609375
0 0.2666015625 0.4033203125 0.0341796875 0.0283203125
0 0.3583984375 0.5927734375 0.0244140625 0.025390625
0 0.5234375 0.8427734375 0.0263671875 0.01953125
0 0.33984375 0.294921875 0.01953125 0.0205078125
0 0.1328125 0.54296875 0.013671875 0.015625
0 0.1416015625 0.8525390625 0.0205078125 0.01953125
0 0.0400390625 0.015625 0.021484375 0.017578125
0 0.826171875 0.4375 0.013671875 0.0126953125
0 0.494140625 0.435546875 0.0166015625 0.013671875
0 0.951171875 0.43359375 0.0185546875 0.013671875
0 0.052734375 0.400390625 0.0146484375 0.0205078125
0 0.068359375 0.34375 0.0224609375 0.025390625
0 0.544921875 0.4306640625 0.01171875 0.0126953125
0 0.9365234375 0.416015625 0.01953125 0.017578125
0 0.4931640625 0.6494140625 0.01953125 0.0205078125
0 0.4873046875 0.400390625 0.01171875 0.0126953125
0 0.505859375 0.443359375 0.044921875 0.03515625
0 0.4130859375 0.126953125 0.01171875 0.013671875
0 0.0830078125 0.587890625 0.0361328125 0.037109375
0 0.126953125 0.681640625 0.0126953125 0.0185546875
0 0.470703125 0.740234375 0.0107421875 0.013671875
0 0.59375 0.572265625 0.0126953125 0.0166015625
0 0.5400390625 0.482421875 0.0146484375 0.013671875
0 0.333984375 0.5546875 0.013671875 0.0146484375
0 0.2333984375 0.5888671875 0.01171875 0.01171875