0 0.4560546875 0.3525390625 0.0341796875 0.0283203125
0 0.5166015625 0.39453125 0.0302734375 0.0224609375
0 0.486328125 0.5810546875 0.021484375 0.013671875
0 0.1337890625 0.080078125 0.0390625 0.044921875
0 0.8427734375 0.6923828125 0.0166015625 0.017578125
0 0.25390625 0.5625 0.01953125 0.0185546875
0 0.216796875 0.490234375 0.021484375 0.0205078125
0 0.12109375 0.658203125 0.021484375 0.01953125
0 0.90234375 0.654296875 0.01953125 0.0185546875
0 0.96484375 0.4111328125 0.025390625 0.021484375
0 0.4287109375 0.49609375 0.0263671875 0.02734375
0 0.7607421875 0.0966796875 0.01953125 0.017578125
0 0.4736328125 0.39453125 0.0224609375 0.0302734375
0 0.7255859375 0.6015625 0.0185546875 0.021484375
0 0.880859375 0.748046875 0.0263671875 0.0244140625
0 0.87109375 0.0771484375 0.017578125 0.017578125
0 0.525390625 0.4892578125 0.0224609375 0.0205078125
0 0.3955078125 0.1484375 0.0224609375 0.021484375
0 0.765625 0.4951171875 0.0302734375 0.021484375
0 0.2783203125 0.0927734375 0.01953125 0.0185546875
0 0.4345703125 0.16796875 0.0224609375 0.021484375
0 0.8994140625 0.0673828125 0.0146484375 0.015625
0 0.375 0.595703125 0.0205078125 0.025390625
0 0.2646484375 0.1435546875 0.0234375 0.0224609375
0 0.75 0.654296875 0.021484375 0.0185546875
0 0.1611328125 0.103515625 0.0244140625 0.021484375
0 0.6416015625 0.09375 0.037109375 0.029296875
0 0.2099609375 0.236328125 0.0263671875 0.02734375
0 0.171875 0.21484375 0.025390625 0.02734375
0 0.6318359375 0.5458984375 0.0185546875 0.017578125
0 0.4794921875 0.4814453125 0.029296875 0.02734375
0 0.7041015625 0.58984375 0.01953125 0.0166015625
0 0.2890625 0.3681640625 0.0244140625 0.0224609375
0 0.189453125 0.724609375 0.0185546875 0.01953125
0 0.623046875 0.7265625 0.029296875 0.021484375
0 0.5810546875 0.859375 0.0166015625 0.017578125
0 0.548828125 0.3232421875 0.0244140625 0.025390625
0 0.515625 0.787109375 0.0283203125 0.02734375
0 0.4599609375 0.86328125 0.0244140625 0.0234375
0 0.1474609375 0.84375 0.025390625 0.02734375
0 0.455078125 0.4296875 0.01953125 0.0205078125
0 0.609375 0.298828125 0.02734375 0.0234375
0 0.365234375 0.689453125 0.0185546875 0.0205078125
0 0.986328125 0.13671875 0.01953125 0.015625
0 0.185546875 0.978515625 0.0478515625 0.037109375
0 0.5390625 0.1435546875 0.021484375 0.01953125
0 0.8359375 0.4921875 0.0205078125 0.017578125
0 0.345703125 0.931640625 0.0498046875 0.0224609375
0 0.6328125 0.8330078125 0.0283203125 0.0283203125
0 0.3447265625 0.1015625 0.0234375 0.017578125
0 0.232421875 0.884765625 0.0322265625 0.0390625
0 0.212890625 0.1845703125 0.025390625 0.0234375
0 0.935546875 0.7109375 0.0263671875 0.02734375
0 0.986328125 0.0869140625 0.0224609375 0.02734375
0 0.712890625 0.478515625 0.0224609375 0.01953125
0 0.33203125 0.35546875 0.0263671875 0.0302734375
0 0.4287109375 0.87890625 0.029296875 0.033203125
0 0.396484375 0.7421875 0.0185546875 0.01953125
0 0.9560546875 0.9140625 0.02734375 0.025390625
0 0.646484375 0.6484375 0.0205078125 0.0283203125
0 0.447265625 0.060546875 0.0322265625 0.0302734375
0 0.064453125 0.966796875 0.048828125 0.052734375
0 0.515625 0.2041015625 0.025390625 0.0224609375
0 0.4052734375 0.55078125 0.0205078125 0.025390625
0 0.765625 0.4013671875 0.0244140625 0.017578125
0 0.50390625 0.705078125 0.017578125 0.015625
0 0.814453125 0.8154296875 0.0302734375 0.02734375
0 0.505859375 0.23828125 0.025390625 0.0185546875
0 0.919921875 0.150390625 0.046875 0.0361328125
0 0.37890625 0.87109375 0.0302734375 0.0283203125
0 0.220703125 0.3759765625 0.0224609375 0.02734375
0 0.541015625 0.84765625 0.021484375 0.021484375
0 0.248046875 0.2939453125 0.01953125 0.01953125
0 0.814453125 0.4052734375 0.0283203125 0.01953125
0 0.328125 0.2021484375 0.02734375 0.025390625
0 0.904296875 0.4423828125 0.017578125 0.0185546875
0 0.96484375 0.59765625 0.021484375 0.013671875
0 0.0673828125 0.0771484375 0.0126953125 0.0126953125
0 0.419921875 0.076171875 0.03515625 0.0361328125
0 0.34765625 0.400390625 0.0400390625 0.0234375