0 0.3857421875 0.7041015625 0.0498046875 0.0302734375
0 0.3232421875 0.6748046875 0.0615234375 0.041015625
0 0.404296875 0.6015625 0.0478515625 0.033203125
0 0.228515625 0.61328125 0.0458984375 0.064453125
0 0.2763671875 0.6875 0.0419921875 0.044921875
0 0.4482421875 0.365234375 0.0390625 0.033203125
0 0.458984375 0.724609375 0.0322265625 0.0341796875
0 0.2470703125 0.779296875 0.0458984375 0.0419921875
0 0.15234375 0.1826171875 0.033203125 0.0322265625
0 0.5068359375 0.7744140625 0.060546875 0.0439453125
0 0.201171875 0.376953125 0.0380859375 0.03515625
0 0.2890625 0.634765625 0.033203125 0.03125
0 0.66796875 0.564453125 0.0400390625 0.0380859375
0 0.576171875 0.662109375 0.0556640625 0.041015625
0 0.21875 0.2587890625 0.0390625 0.037109375
0 0.6845703125 0.6796875 0.046875 0.0419921875
0 0.2109375 0.060546875 0.0400390625 0.037109375
0 0.20703125 0.826171875 0.0341796875 0.03515625
0 0.490234375 0.9267578125 0.046875 0.041015625
0 0.19140625 0.771484375 0.0546875 0.03125
0 0.447265625 0.9287109375 0.0419921875 0.0361328125
0 0.1064453125 0.548828125 0.041015625 0.04296875
0 0.18359375 0.2373046875 0.029296875 0.0263671875
0 0.583984375 0.111328125 0.0390625 0.0283203125
0 0.07421875 0.8046875 0.0419921875 0.0419921875
0 0.5859375 0.625 0.033203125 0.0224609375
0 0.0185546875 0.837890625 0.0361328125 0.0322265625
0 0.66015625 0.8583984375 0.0400390625 0.0283203125
0 0.1455078125 0.595703125 0.03515625 0.0419921875
0 0.1640625 0.3251953125 0.0517578125 0.0400390625
0 0.9033203125 0.5546875 0.044921875 0.0361328125
0 0.0185546875 0.384765625 0.029296875 0.029296875
0 0.451171875 0.2509765625 0.0673828125 0.041015625
0 0.6904296875 0.70703125 0.03515625 0.0341796875
0 0.2578125 0.71875 0.0380859375 0.0244140625
0 0.3076171875 0.716796875 0.0419921875 0.041015625
0 0.44140625 0.62109375 0.029296875 0.0205078125
0 0.52734375 0.892578125 0.0419921875 0.0419921875
0 0.595703125 0.3310546875 0.0263671875 0.037109375
0 0.4658203125 0.662109375 0.03125 0.0302734375
0 0.7392578125 0.216796875 0.0419921875 0.02734375
0 0.509765625 0.611328125 0.0439453125 0.033203125
0 0.1416015625 0.89453125 0.0703125 0.04296875
0 0.400390625 0.17578125 0.03515625 0.03125
0 0.8955078125 0.2978515625 0.0390625 0.037109375
0 0.40234375 0.33203125 0.0244140625 0.0263671875
0 0.416015625 0.755859375 0.0263671875 0.017578125
0 0.349609375 0.283203125 0.015625 0.021484375
0 0.3369140625 0.814453125 0.033203125 0.03515625
0 0.3671875 0.7568359375 0.0400390625 0.037109375
0 0.69921875 0.4482421875 0.0205078125 0.01953125
0 0.5126953125 0.658203125 0.0322265625 0.0322265625
0 0.736328125 0.609375 0.025390625 0.0244140625
0 0.7197265625 0.65234375 0.0234375 0.0234375
0 0.603515625 0.4580078125 0.025390625 0.0205078125
0 0.482421875 0.4375 0.017578125 0.021484375
0 0.626953125 0.2060546875 0.0205078125 0.021484375
0 0.177734375 0.53125 0.0224609375 0.0205078125
0 0.5751953125 0.0595703125 0.0302734375 0.0205078125
0 0.6171875 0.0576171875 0.0302734375 0.01953125
0 0.416015625 0.974609375 0.0244140625 0.0263671875
0 0.06640625 0.728515625 0.0244140625 0.03125
0 0.291015625 0.765625 0.0458984375 0.033203125
0 0.265625 0.9501953125 0.02734375 0.033203125
0 0.3212890625 0.060546875 0.0244140625 0.02734375
0 0.8359375 0.6142578125 0.0244140625 0.0185546875
0 0.71875 0.845703125 0.03125 0.02734375
0 0.2197265625 0.9453125 0.0322265625 0.0400390625
0 0.091796875 0.857421875 0.037109375 0.025390625
0 0.8310546875 0.537109375 0.0478515625 0.03515625
0 0.1484375 0.2861328125 0.01953125 0.0263671875
0 0.552734375 0.021484375 0.0361328125 0.02734375
0 0.322265625 0.923828125 0.0234375 0.0283203125
0 0.0380859375 0.873046875 0.01953125 0.0224609375
0 0.814453125 0.0380859375 0.048828125 0.0283203125
0 0.7890625 0.119140625 0.029296875 0.0234375
0 0.7431640625 0.6845703125 0.0283203125 0.0224609375
0 0.646484375 0.888671875 0.03515625 0.0322265625
0 0.4052734375 0.84375 0.01953125 0.015625
0 0.0439453125 0.7275390625 0.0234375 0.025390625
0 0.0458984375 0.1328125 0.0390625 0.0400390625
0 0.6728515625 0.486328125 0.0234375 0.0322265625
0 0.83984375 0.333984375 0.0205078125 0.021484375
0 0.0927734375 0.6279296875 0.01953125 0.0322265625
0 0.353515625 0.939453125 0.0234375 0.0234375
0 0.111328125 0.837890625 0.0244140625 0.0322265625
0 0.1083984375 0.6328125 0.0537109375 0.0546875
0 0.8740234375 0.615234375 0.01953125 0.0224609375
0 0.4921875 0.681640625 0.0400390625 0.0380859375
0 0.1123046875 0.2158203125 0.05078125 0.0361328125
0 0.537109375 0.1318359375 0.0224609375 0.029296875
0 0.048828125 0.6630859375 0.029296875 0.025390625
0 0.4208984375 0.0869140625 0.029296875 0.0234375
0 0.9111328125 0.33203125 0.0205078125 0.0166015625
0 0.50390625 0.1533203125 0.048828125 0.03515625
0 0.7763671875 0.486328125 0.0166015625 0.01953125
0 0.09765625 0.69921875 0.0263671875 0.04296875
0 0.3876953125 0.234375 0.060546875 0.0517578125
0 0.05859375 0.46875 0.0322265625 0.03515625
0 0.720703125 0.1767578125 0.029296875 0.0263671875
0 0.150390625 0.859375 0.0224609375 0.02734375
0 0.02734375 0.0546875 0.0283203125 0.017578125
0 0.7421875 0.41015625 0.01953125 0.0234375
0 0.0458984375 0.06640625 0.05078125 0.037109375
0 0.1513671875 0.966796875 0.02734375 0.029296875
0 0.6875 0.08203125 0.0322265625 0.0263671875
0 0.6591796875 0.751953125 0.072265625 0.0400390625
0 0.763671875 0.5048828125 0.0322265625 0.025390625
0 0.1064453125 0.771484375 0.0283203125 0.02734375
0 0.43359375 0.4169921875 0.04296875 0.0302734375
0 0.7041015625 0.1357421875 0.03125 0.0322265625
0 0.421875 0.8984375 0.021484375 0.0185546875
0 0.14453125 0.26171875 0.03515625 0.0361328125
0 0.345703125 0.34375 0.06640625 0.0546875
0 0.541015625 0.337890625 0.0341796875 0.0517578125
0 0.1640625 0.3916015625 0.0322265625 0.0322265625
0 0.123046875 0.02734375 0.0234375 0.0234375
0 0.76171875 0.69921875 0.0322265625 0.025390625
0 0.7138671875 0.357421875 0.0244140625 0.0185546875
0 0.78125 0.25390625 0.0244140625 0.0234375
0 0.69921875 0.1044921875 0.033203125 0.0224609375
0 0.86328125 0.4326171875 0.029296875 0.0341796875
0 0.3076171875 0.5400390625 0.03515625 0.037109375
0 0.333984375 0.1044921875 0.0283203125 0.0400390625
0 0.5244140625 0.0751953125 0.0361328125 0.033203125
0 0.9609375 0.052734375 0.029296875 0.0224609375
0 0.751953125 0.048828125 0.033203125 0.0244140625