0 0.08203125 0.740234375 0.0380859375 0.0341796875
0 0.107421875 0.7119140625 0.0419921875 0.037109375
0 0.18359375 0.744140625 0.0400390625 0.0419921875
0 0.185546875 0.7939453125 0.0390625 0.041015625
0 0.1865234375 0.833984375 0.0546875 0.0478515625
0 0.37890625 0.751953125 0.0390625 0.0283203125
0 0.1064453125 0.763671875 0.0380859375 0.0361328125
0 0.2314453125 0.7587890625 0.0361328125 0.03125
0 0.341796875 0.61328125 0.0322265625 0.03125
0 0.3408203125 0.068359375 0.04296875 0.041015625
0 0.5908203125 0.3779296875 0.041015625 0.0390625
0 0.8427734375 0.44921875 0.0283203125 0.037109375
0 0.095703125 0.625 0.0341796875 0.0380859375
0 0.017578125 0.3681640625 0.0263671875 0.02734375
0 0.76953125 0.8828125 0.0166015625 0.0166015625
0 0.7275390625 0.53125 0.048828125 0.041015625
0 0.3369140625 0.669921875 0.029296875 0.021484375
0 0.7578125 0.845703125 0.033203125 0.025390625
0 0.6015625 0.73828125 0.021484375 0.0234375
0 0.4189453125 0.3154296875 0.0283203125 0.0244140625
0 0.1669921875 0.4873046875 0.0390625 0.0302734375
0 0.689453125 0.671875 0.0390625 0.03515625
0 0.83203125 0.544921875 0.0302734375 0.0263671875
0 0.3876953125 0.30078125 0.03125 0.02734375
0 0.626953125 0.5712890625 0.03125 0.0224609375
0 0.494140625 0.2109375 0.02734375 0.0302734375
0 0.234375 0.685546875 0.03125 0.025390625
0 0.1142578125 0.27734375 0.0390625 0.0244140625
0 0.10546875 0.4833984375 0.0322265625 0.0224609375
0 0.3330078125 0.794921875 0.0439453125 0.0478515625
0 0.51171875 0.314453125 0.0341796875 0.0263671875
0 0.357421875 0.634765625 0.083984375 0.07421875
0 0.9873046875 0.271484375 0.025390625 0.0419921875
0 0.2998046875 0.962890625 0.0439453125 0.0283203125
0 0.1845703125 0.966796875 0.0537109375 0.0498046875
0 0.06640625 0.8779296875 0.05859375 0.0361328125
0 0.1015625 0.939453125 0.0771484375 0.0595703125
0 0.2333984375 0.873046875 0.0498046875 0.0517578125
0 0.025390625 0.9169921875 0.0419921875 0.080078125
0 0.0185546875 0.7744140625 0.0283203125 0.068359375
0 0.5693359375 0.958984375 0.0400390625 0.05859375