0 0.7568359375 0.154296875 0.080078125 0.0888671875
0 0.42578125 0.0634765625 0.080078125 0.072265625
0 0.8232421875 0.0703125 0.0751953125 0.05078125
0 0.83203125 0.1416015625 0.033203125 0.041015625
0 0.4375 0.435546875 0.0869140625 0.072265625
0 0.1513671875 0.470703125 0.052734375 0.025390625
0 0.9384765625 0.693359375 0.0439453125 0.041015625
0 0.9775390625 0.69140625 0.04296875 0.041015625
0 0.705078125 0.6826171875 0.0380859375 0.0341796875
0 0.8828125 0.9423828125 0.0595703125 0.041015625
0 0.8828125 0.84765625 0.0576171875 0.0703125
0 0.119140625 0.4873046875 0.044921875 0.037109375
0 0.0224609375 0.6171875 0.0380859375 0.04296875
0 0.0380859375 0.2666015625 0.0185546875 0.0234375
0 0.109375 0.138671875 0.0546875 0.037109375
0 0.314453125 0.1962890625 0.056640625 0.037109375
0 0.201171875 0.267578125 0.033203125 0.021484375
0 0.6064453125 0.171875 0.0244140625 0.0234375
0 0.8955078125 0.2158203125 0.0244140625 0.0263671875
0 0.392578125 0.1318359375 0.02734375 0.01953125
0 0.0419921875 0.482421875 0.0283203125 0.0224609375
0 0.6982421875 0.2236328125 0.02734375 0.0283203125
0 0.4404296875 0.5078125 0.0419921875 0.0390625
0 0.7314453125 0.9296875 0.033203125 0.037109375
0 0.2666015625 0.4296875 0.052734375 0.0439453125
0 0.3857421875 0.484375 0.068359375 0.0576171875
0 0.5771484375 0.7978515625 0.046875 0.04296875
0 0.8359375 0.830078125 0.0703125 0.0654296875
0 0.51953125 0.439453125 0.0380859375 0.03515625
0 0.0830078125 0.533203125 0.0322265625 0.041015625
0 0.95703125 0.7744140625 0.0234375 0.0234375
0 0.23046875 0.353515625 0.060546875 0.046875
0 0.724609375 0.095703125 0.025390625 0.0302734375
0 0.734375 0.96484375 0.08203125 0.0634765625
0 0.24609375 0.1259765625 0.052734375 0.0498046875
0 0.072265625 0.1328125 0.0341796875 0.0322265625
0 0.8310546875 0.0341796875 0.0400390625 0.029296875