0 0.259765625 0.345703125 0.04296875 0.0283203125
0 0.560546875 0.3984375 0.03515625 0.033203125
0 0.41796875 0.3310546875 0.021484375 0.0302734375
0 0.4853515625 0.19140625 0.0263671875 0.03125
0 0.767578125 0.5546875 0.0439453125 0.0419921875
0 0.978515625 0.4443359375 0.0341796875 0.04296875
0 0.9580078125 0.568359375 0.041015625 0.04296875
0 0.7451171875 0.1845703125 0.0322265625 0.0458984375
0 0.3095703125 0.77734375 0.037109375 0.0478515625
0 0.72265625 0.5078125 0.03515625 0.046875
0 0.8046875 0.2255859375 0.03125 0.0419921875
0 0.8427734375 0.306640625 0.025390625 0.025390625
0 0.9306640625 0.134765625 0.0234375 0.0185546875
0 0.5263671875 0.1748046875 0.017578125 0.0205078125