0 0.09765625 0.447265625 0.048828125 0.03125
0 0.4443359375 0.2724609375 0.0107421875 0.0283203125
0 0.482421875 0.2724609375 0.03125 0.0283203125
0 0.28515625 0.1943359375 0.044921875 0.02734375
0 0.2939453125 0.224609375 0.0205078125 0.0263671875
0 0.0751953125 0.4716796875 0.029296875 0.02734375
0 0.01171875 0.451171875 0.0234375 0.046875
0 0.4267578125 0.6611328125 0.05078125 0.0400390625
0 0.576171875 0.611328125 0.0234375 0.0361328125
0 0.71875 0.4794921875 0.0234375 0.0283203125
0 0.8935546875 0.4599609375 0.033203125 0.029296875
0 0.9560546875 0.4375 0.0205078125 0.0234375
0 0.96484375 0.4619140625 0.0380859375 0.0205078125
0 0.3740234375 0.119140625 0.0322265625 0.0205078125
0 0.2939453125 0.1103515625 0.01171875 0.0244140625
0 0.32421875 0.1103515625 0.0234375 0.0244140625
0 0.166015625 0.7705078125 0.0234375 0.033203125
0 0.048828125 0.6962890625 0.033203125 0.0205078125
0 0.03515625 0.6640625 0.0185546875 0.01171875
0 0.1240234375 0.8623046875 0.013671875 0.0322265625
0 0.4794921875 0.5546875 0.03125 0.02734375
0 0.583984375 0.7353515625 0.0263671875 0.033203125
0 0.5869140625 0.92578125 0.0244140625 0.0234375
0 0.4609375 0.876953125 0.0185546875 0.025390625
0 0.4755859375 0.927734375 0.017578125 0.02734375
0 0.455078125 0.1513671875 0.0419921875 0.033203125
0 0.4052734375 0.15625 0.046875 0.029296875
0 0.4384765625 0.0341796875 0.046875 0.02734375
0 0.552734375 0.10546875 0.0419921875 0.02734375
0 0.515625 0.1630859375 0.0458984375 0.021484375
0 0.5087890625 0.1181640625 0.033203125 0.0185546875
0 0.6826171875 0.1904296875 0.0322265625 0.0244140625
0 0.6181640625 0.04296875 0.064453125 0.037109375
0 0.6484375 0.0771484375 0.068359375 0.0458984375
0 0.6748046875 0.119140625 0.07421875 0.033203125
0 0.7412109375 0.083984375 0.041015625 0.041015625
0 0.71484375 0.017578125 0.037109375 0.0263671875
0 0.7861328125 0.0517578125 0.05859375 0.0283203125
0 0.8232421875 0.0322265625 0.0244140625 0.033203125
0 0.767578125 0.140625 0.0498046875 0.037109375
0 0.7216796875 0.2265625 0.033203125 0.0224609375
0 0.6630859375 0.2353515625 0.0234375 0.0400390625
0 0.6015625 0.302734375 0.021484375 0.02734375
0 0.57421875 0.3427734375 0.0283203125 0.029296875
0 0.7109375 0.31640625 0.0458984375 0.041015625
0 0.8037109375 0.228515625 0.037109375 0.04296875
0 0.8291015625 0.1669921875 0.04296875 0.05859375
0 0.8798828125 0.193359375 0.0537109375 0.0419921875
0 0.880859375 0.2412109375 0.0615234375 0.0439453125
0 0.8359375 0.2421875 0.0361328125 0.041015625
0 0.943359375 0.2685546875 0.0478515625 0.0458984375
0 0.9541015625 0.0400390625 0.0546875 0.048828125
0 0.9453125 0.1103515625 0.037109375 0.033203125
0 0.85546875 0.1044921875 0.0400390625 0.029296875
0 0.8564453125 0.130859375 0.0234375 0.02734375
0 0.9462890625 0.205078125 0.0478515625 0.037109375
0 0.888671875 0.0419921875 0.0576171875 0.0263671875
0 0.9912109375 0.0927734375 0.017578125 0.044921875
0 0.98828125 0.2138671875 0.0234375 0.044921875
0 0.9169921875 0.3525390625 0.0380859375 0.03515625
0 0.970703125 0.330078125 0.048828125 0.029296875
0 0.873046875 0.3017578125 0.0439453125 0.0380859375