0 0.482421875 0.478515625 0.04296875 0.03515625
0 0.5673828125 0.513671875 0.044921875 0.04296875
0 0.7109375 0.544921875 0.0400390625 0.029296875
0 0.8671875 0.578125 0.0595703125 0.041015625
0 0.8662109375 0.52734375 0.03515625 0.0244140625
0 0.8701171875 0.466796875 0.0380859375 0.041015625
0 0.740234375 0.7109375 0.0771484375 0.07421875
0 0.52734375 0.763671875 0.0341796875 0.02734375
0 0.39453125 0.5830078125 0.0341796875 0.0322265625
0 0.6796875 0.466796875 0.041015625 0.0478515625
0 0.5859375 0.341796875 0.0263671875 0.017578125
0 0.4912109375 0.373046875 0.0341796875 0.0341796875
0 0.646484375 0.625 0.0322265625 0.037109375
0 0.783203125 0.5859375 0.0771484375 0.029296875
0 0.8662109375 0.6796875 0.0302734375 0.0322265625
0 0.9296875 0.6162109375 0.015625 0.0224609375