0 0.431640625 0.6494140625 0.0419921875 0.0439453125
0 0.7685546875 0.5146484375 0.025390625 0.025390625
0 0.7998046875 0.3984375 0.041015625 0.044921875
0 0.931640625 0.45703125 0.0390625 0.0244140625
0 0.810546875 0.646484375 0.0341796875 0.0244140625
0 0.36328125 0.4921875 0.021484375 0.01953125
0 0.0849609375 0.1689453125 0.0322265625 0.029296875
0 0.1015625 0.6640625 0.03515625 0.03515625
0 0.412109375 0.3466796875 0.041015625 0.0244140625
0 0.6044921875 0.4052734375 0.0341796875 0.0478515625
0 0.4521484375 0.751953125 0.0341796875 0.0263671875
0 0.322265625 0.4130859375 0.03125 0.037109375
0 0.5751953125 0.873046875 0.02734375 0.0322265625
0 0.0791015625 0.8046875 0.037109375 0.03125
0 0.5546875 0.5859375 0.03125 0.0390625
0 0.76953125 0.7158203125 0.0322265625 0.0302734375
0 0.8671875 0.2998046875 0.0283203125 0.0244140625
0 0.16015625 0.2607421875 0.03515625 0.0361328125
0 0.359375 0.26171875 0.0458984375 0.052734375
0 0.5947265625 0.7119140625 0.0322265625 0.0341796875
0 0.27734375 0.736328125 0.0361328125 0.03125
0 0.533203125 0.671875 0.0302734375 0.0283203125
0 0.9296875 0.20703125 0.0400390625 0.0302734375
0 0.56640625 0.4638671875 0.05859375 0.0439453125
0 0.412109375 0.2841796875 0.0341796875 0.033203125
0 0.4267578125 0.78515625 0.0263671875 0.0234375
0 0.2880859375 0.2822265625 0.0361328125 0.025390625
0 0.1240234375 0.4453125 0.033203125 0.05078125
0 0.69140625 0.66796875 0.0478515625 0.0478515625
0 0.35546875 0.755859375 0.0380859375 0.0341796875
0 0.310546875 0.1298828125 0.046875 0.033203125
0 0.279296875 0.625 0.0244140625 0.0263671875
0 0.2216796875 0.7919921875 0.0322265625 0.041015625
0 0.328125 0.68359375 0.029296875 0.0322265625
0 0.419921875 0.8984375 0.021484375 0.0185546875
0 0.2060546875 0.263671875 0.0341796875 0.0283203125
0 0.1650390625 0.0615234375 0.0361328125 0.0380859375
0 0.1533203125 0.8388671875 0.0302734375 0.0302734375
0 0.958984375 0.521484375 0.02734375 0.01953125
0 0.1318359375 0.716796875 0.0546875 0.05078125
0 0.1689453125 0.892578125 0.0244140625 0.0205078125
0 0.63671875 0.4296875 0.0263671875 0.0361328125
0 0.443359375 0.779296875 0.0185546875 0.0234375
0 0.75 0.2255859375 0.0302734375 0.02734375
0 0.7041015625 0.419921875 0.0380859375 0.0322265625
0 0.595703125 0.6279296875 0.037109375 0.0263671875
0 0.615234375 0.853515625 0.0380859375 0.04296875
0 0.80078125 0.1875 0.02734375 0.0400390625
0 0.61328125 0.291015625 0.013671875 0.0126953125
0 0.6484375 0.9091796875 0.0322265625 0.0302734375
0 0.9169921875 0.689453125 0.0400390625 0.037109375
0 0.650390625 0.978515625 0.0302734375 0.02734375
0 0.5263671875 0.75390625 0.03515625 0.033203125
0 0.345703125 0.173828125 0.02734375 0.021484375
0 0.3642578125 0.404296875 0.03515625 0.029296875
0 0.3525390625 0.1005859375 0.05078125 0.064453125
0 0.7958984375 0.9130859375 0.0244140625 0.0234375
0 0.169921875 0.7578125 0.0205078125 0.017578125
0 0.015625 0.123046875 0.029296875 0.02734375
0 0.50390625 0.76171875 0.0283203125 0.0263671875
0 0.544921875 0.955078125 0.0380859375 0.03125
0 0.126953125 0.826171875 0.0302734375 0.0263671875
0 0.3486328125 0.861328125 0.0224609375 0.0185546875
0 0.6220703125 0.9140625 0.025390625 0.0234375
0 0.7158203125 0.615234375 0.0224609375 0.029296875
0 0.1162109375 0.484375 0.0166015625 0.013671875
0 0.419921875 0.732421875 0.0244140625 0.01953125
0 0.5625 0.34375 0.029296875 0.03125
0 0.1416015625 0.923828125 0.015625 0.0205078125
0 0.8486328125 0.7783203125 0.033203125 0.03515625
0 0.9306640625 0.7578125 0.0166015625 0.013671875
0 0.79296875 0.966796875 0.0224609375 0.017578125
0 0.876953125 0.4482421875 0.0263671875 0.0205078125
0 0.0615234375 0.607421875 0.0419921875 0.0419921875
0 0.470703125 0.490234375 0.017578125 0.01953125
0 0.125 0.1787109375 0.037109375 0.052734375
0 0.958984375 0.939453125 0.0185546875 0.0224609375
0 0.9873046875 0.94140625 0.025390625 0.03125
0 0.021484375 0.6953125 0.0380859375 0.052734375
0 0.2451171875 0.181640625 0.033203125 0.0263671875
0 0.65234375 0.712890625 0.0390625 0.02734375
0 0.3642578125 0.8984375 0.0263671875 0.029296875
0 0.251953125 0.662109375 0.046875 0.0400390625
0 0.412109375 0.4658203125 0.04296875 0.03515625
0 0.9599609375 0.3642578125 0.041015625 0.0537109375
0 0.484375 0.287109375 0.037109375 0.03125
0 0.896484375 0.537109375 0.0625 0.052734375
0 0.2470703125 0.82421875 0.0576171875 0.0556640625
0 0.0966796875 0.0859375 0.0498046875 0.0654296875
0 0.41796875 0.4384765625 0.0595703125 0.05078125
0 0.23828125 0.671875 0.01953125 0.0185546875
0 0.2265625 0.2060546875 0.0341796875 0.0283203125
0 0.2255859375 0.939453125 0.015625 0.0166015625
0 0.6796875 0.236328125 0.0849609375 0.076171875
0 0.849609375 0.046875 0.0244140625 0.0341796875
0 0.966796875 0.591796875 0.0166015625 0.017578125
0 0.1201171875 0.4931640625 0.0234375 0.0244140625
0 0.3388671875 0.71875 0.0478515625 0.0498046875
0 0.810546875 0.8427734375 0.046875 0.029296875
0 0.970703125 0.0732421875 0.021484375 0.0205078125
0 0.1708984375 0.955078125 0.033203125 0.0302734375
0 0.0869140625 0.59765625 0.029296875 0.0263671875
0 0.9873046875 0.833984375 0.0205078125 0.0205078125
0 0.2880859375 0.896484375 0.044921875 0.0439453125