0 0.4609375 0.9365234375 0.0390625 0.0400390625
0 0.4228515625 0.8876953125 0.01953125 0.025390625
0 0.2978515625 0.8095703125 0.0283203125 0.03125
0 0.2421875 0.814453125 0.041015625 0.0322265625
0 0.1826171875 0.810546875 0.0322265625 0.0302734375
0 0.23828125 0.9052734375 0.0380859375 0.0224609375
0 0.3173828125 0.8466796875 0.0224609375 0.01953125
0 0.3564453125 0.677734375 0.0244140625 0.0419921875
0 0.30078125 0.693359375 0.0146484375 0.0166015625
0 0.1279296875 0.626953125 0.0419921875 0.0283203125
0 0.05859375 0.6845703125 0.0263671875 0.025390625
0 0.01953125 0.6396484375 0.0341796875 0.0361328125
0 0.095703125 0.517578125 0.0302734375 0.0234375
0 0.0751953125 0.48828125 0.02734375 0.044921875
0 0.02734375 0.478515625 0.0302734375 0.0126953125
0 0.1103515625 0.4462890625 0.02734375 0.0224609375
0 0.044921875 0.3994140625 0.0244140625 0.0234375
0 0.119140625 0.388671875 0.0302734375 0.03125
0 0.1845703125 0.4462890625 0.0322265625 0.0302734375
0 0.14453125 0.4580078125 0.0146484375 0.0244140625
0 0.1962890625 0.5185546875 0.0234375 0.0224609375
0 0.1513671875 0.5625 0.0302734375 0.04296875
0 0.22265625 0.5908203125 0.0244140625 0.048828125
0 0.1982421875 0.6708984375 0.048828125 0.0498046875
0 0.5322265625 0.404296875 0.0400390625 0.03125
0 0.40234375 0.5302734375 0.0546875 0.044921875
0 0.2607421875 0.53515625 0.0322265625 0.048828125
0 0.3427734375 0.568359375 0.025390625 0.033203125
0 0.6337890625 0.63671875 0.0380859375 0.0322265625
0 0.673828125 0.64453125 0.0224609375 0.0322265625
0 0.3232421875 0.23046875 0.02734375 0.0234375
0 0.158203125 0.2490234375 0.0576171875 0.0263671875
0 0.2216796875 0.376953125 0.029296875 0.0244140625
0 0.513671875 0.78125 0.03515625 0.0380859375
0 0.5263671875 0.736328125 0.05078125 0.041015625
0 0.453125 0.728515625 0.0302734375 0.0263671875
0 0.4609375 0.654296875 0.02734375 0.03125
0 0.4111328125 0.626953125 0.03515625 0.0361328125
0 0.345703125 0.62109375 0.0224609375 0.013671875
0 0.3046875 0.623046875 0.0322265625 0.0205078125
0 0.7216796875 0.4384765625 0.03515625 0.029296875
0 0.33984375 0.3544921875 0.0302734375 0.03125
0 0.384765625 0.37109375 0.01953125 0.0224609375
0 0.40625 0.4013671875 0.0263671875 0.0107421875
0 0.56640625 0.3408203125 0.03515625 0.029296875
0 0.359375 0.298828125 0.0546875 0.029296875
0 0.7900390625 0.3095703125 0.0185546875 0.0478515625
0 0.7939453125 0.822265625 0.0390625 0.04296875
0 0.7626953125 0.8740234375 0.0439453125 0.046875
0 0.63671875 0.7890625 0.0595703125 0.0234375
0 0.5458984375 0.861328125 0.025390625 0.01953125
0 0.4921875 0.8984375 0.05078125 0.0341796875
0 0.4453125 0.865234375 0.0283203125 0.029296875
0 0.73828125 0.6015625 0.0224609375 0.0224609375
0 0.9716796875 0.642578125 0.0322265625 0.0302734375
0 0.904296875 0.6484375 0.0341796875 0.021484375
0 0.849609375 0.646484375 0.0283203125 0.0322265625
0 0.7939453125 0.6533203125 0.0205078125 0.037109375
0 0.7646484375 0.6298828125 0.025390625 0.0322265625
0 0.81640625 0.669921875 0.03125 0.0302734375
0 0.7890625 0.7236328125 0.03125 0.0322265625
0 0.703125 0.7373046875 0.03515625 0.025390625
0 0.6513671875 0.7353515625 0.03125 0.0400390625
0 0.7158203125 0.7646484375 0.04296875 0.021484375
0 0.6845703125 0.78125 0.021484375 0.0224609375
0 0.703125 0.6513671875 0.0224609375 0.0322265625
0 0.7236328125 0.6845703125 0.0185546875 0.0224609375
0 0.7548828125 0.685546875 0.0205078125 0.025390625
0 0.8232421875 0.384765625 0.0283203125 0.02734375
0 0.8310546875 0.5927734375 0.0341796875 0.0380859375
0 0.7685546875 0.5810546875 0.02734375 0.017578125
0 0.4013671875 0.62109375 0.0302734375 0.0302734375
0 0.646484375 0.646484375 0.0341796875 0.0390625
0 0.87109375 0.515625 0.0400390625 0.0517578125
0 0.60546875 0.5322265625 0.037109375 0.03125
0 0.9833984375 0.501953125 0.0322265625 0.03515625
0 0.6708984375 0.681640625 0.046875 0.0302734375
0 0.9560546875 0.578125 0.0283203125 0.0341796875
0 0.0703125 0.5810546875 0.033203125 0.0322265625
0 0.2197265625 0.63671875 0.0439453125 0.041015625
0 0.56640625 0.841796875 0.041015625 0.0361328125
0 0.953125 0.921875 0.0400390625 0.037109375
0 0.7509765625 0.939453125 0.033203125 0.0341796875
0 0.857421875 0.45703125 0.0390625 0.02734375
0 0.7216796875 0.935546875 0.033203125 0.037109375
0 0.38671875 0.7080078125 0.029296875 0.017578125
0 0.943359375 0.826171875 0.0517578125 0.0517578125
0 0.2333984375 0.111328125 0.0419921875 0.041015625
0 0.974609375 0.859375 0.0390625 0.0244140625
0 0.0244140625 0.2548828125 0.046875 0.044921875
0 0.544921875 0.916015625 0.02734375 0.0224609375
0 0.53515625 0.0478515625 0.048828125 0.037109375
0 0.6982421875 0.2509765625 0.048828125 0.04296875
0 0.6240234375 0.9541015625 0.0302734375 0.017578125
0 0.78515625 0.7666015625 0.052734375 0.052734375
0 0.4072265625 0.091796875 0.0517578125 0.03515625
0 0.1787109375 0.76953125 0.0205078125 0.0263671875
0 0.919921875 0.931640625 0.0556640625 0.0439453125
0 0.5224609375 0.2919921875 0.048828125 0.0390625
0 0.41796875 0.146484375 0.0322265625 0.025390625
0 0.0263671875 0.4921875 0.0390625 0.05078125
0 0.7509765625 0.111328125 0.0302734375 0.0322265625
0 0.5908203125 0.80078125 0.0458984375 0.041015625
0 0.26953125 0.94140625 0.0380859375 0.03515625
0 0.83203125 0.9765625 0.0654296875 0.03515625
0 0.572265625 0.87109375 0.0302734375 0.02734375
0 0.595703125 0.849609375 0.0234375 0.0283203125
0 0.9658203125 0.953125 0.052734375 0.0419921875
0 0.1708984375 0.2041015625 0.05078125 0.046875
0 0.763671875 0.984375 0.0361328125 0.02734375
0 0.720703125 0.9814453125 0.0439453125 0.037109375
0 0.427734375 0.984375 0.033203125 0.03125
0 0.193359375 0.38671875 0.0361328125 0.0224609375
0 0.3798828125 0.08203125 0.02734375 0.0283203125
0 0.759765625 0.173828125 0.0595703125 0.0400390625
0 0.375 0.974609375 0.046875 0.0439453125
0 0.953125 0.41015625 0.0263671875 0.03515625
0 0.9111328125 0.3369140625 0.0205078125 0.0263671875
0 0.9169921875 0.365234375 0.025390625 0.021484375
0 0.8916015625 0.45703125 0.021484375 0.0146484375
0 0.8828125 0.138671875 0.0244140625 0.0234375
0 0.8388671875 0.0712890625 0.0302734375 0.02734375
0 0.7373046875 0.009765625 0.0478515625 0.01953125
0 0.099609375 0.15234375 0.025390625 0.0302734375
0 0.041015625 0.15625 0.041015625 0.02734375
0 0.0390625 0.1123046875 0.017578125 0.0205078125
0 0.083984375 0.11328125 0.025390625 0.0185546875
0 0.9697265625 0.0439453125 0.0126953125 0.0224609375
0 0.9912109375 0.0517578125 0.013671875 0.0263671875