0 0.1875 0.3984375 0.05859375 0.0615234375
0 0.189453125 0.544921875 0.0498046875 0.0537109375
0 0.58203125 0.458984375 0.0693359375 0.0498046875
0 0.294921875 0.4658203125 0.0517578125 0.0498046875
0 0.3935546875 0.3134765625 0.072265625 0.048828125
0 0.1611328125 0.64453125 0.0556640625 0.0703125
0 0.6826171875 0.5751953125 0.0771484375 0.0478515625
0 0.662109375 0.19140625 0.046875 0.0478515625
0 0.1220703125 0.3505859375 0.060546875 0.037109375
0 0.185546875 0.08203125 0.05078125 0.041015625
0 0.890625 0.603515625 0.0654296875 0.068359375
0 0.818359375 0.5244140625 0.0634765625 0.0498046875
0 0.33203125 0.3212890625 0.08203125 0.0498046875
0 0.044921875 0.232421875 0.0693359375 0.046875
0 0.7802734375 0.42578125 0.021484375 0.02734375
0 0.3154296875 0.6435546875 0.0458984375 0.05078125
0 0.55078125 0.2900390625 0.044921875 0.0439453125
0 0.8955078125 0.697265625 0.0185546875 0.0263671875
0 0.58203125 0.09375 0.0361328125 0.02734375
0 0.671875 0.669921875 0.0224609375 0.0205078125
0 0.48828125 0.396484375 0.1162109375 0.083984375
0 0.6298828125 0.2470703125 0.0166015625 0.0234375
0 0.533203125 0.1630859375 0.037109375 0.03515625
0 0.76953125 0.373046875 0.0244140625 0.0302734375
0 0.314453125 0.412109375 0.0439453125 0.0400390625
0 0.2978515625 0.96875 0.0234375 0.0185546875