0 0.5478515625 0.2587890625 0.0361328125 0.0380859375
0 0.107421875 0.08203125 0.0322265625 0.0234375
0 0.34765625 0.55078125 0.03515625 0.037109375
0 0.43359375 0.4248046875 0.0419921875 0.029296875
0 0.8876953125 0.345703125 0.0478515625 0.0400390625
0 0.5654296875 0.1337890625 0.037109375 0.033203125
0 0.58203125 0.033203125 0.0390625 0.0302734375
0 0.146484375 0.1123046875 0.0322265625 0.0185546875
0 0.3916015625 0.0556640625 0.0361328125 0.033203125
0 0.423828125 0.4794921875 0.052734375 0.037109375
0 0.5771484375 0.4384765625 0.05078125 0.03515625
0 0.6796875 0.4599609375 0.052734375 0.0556640625
0 0.8828125 0.6240234375 0.0556640625 0.0576171875
0 0.697265625 0.7041015625 0.01953125 0.0439453125
0 0.56640625 0.1259765625 0.0419921875 0.0234375
0 0.037109375 0.111328125 0.0263671875 0.0263671875
0 0.453125 0.119140625 0.0380859375 0.029296875
0 0.8623046875 0.193359375 0.0361328125 0.0283203125
0 0.09765625 0.1298828125 0.0322265625 0.0302734375
0 0.7109375 0.78515625 0.0537109375 0.0419921875
0 0.28515625 0.1201171875 0.02734375 0.0234375
0 0.484375 0.26953125 0.0224609375 0.0302734375
0 0.7978515625 0.1884765625 0.0234375 0.01953125
0 0.673828125 0.7451171875 0.029296875 0.02734375
0 0.6962890625 0.1064453125 0.029296875 0.0244140625
0 0.943359375 0.927734375 0.03125 0.0322265625
0 0.8359375 0.0263671875 0.0419921875 0.0185546875
0 0.861328125 0.52734375 0.0244140625 0.0185546875
0 0.435546875 0.66015625 0.037109375 0.0185546875
0 0.009765625 0.0576171875 0.0185546875 0.021484375
0 0.6328125 0.3447265625 0.029296875 0.03125
0 0.47265625 0.955078125 0.04296875 0.0302734375
0 0.4091796875 0.81640625 0.046875 0.046875
0 0.4111328125 0.9873046875 0.0458984375 0.0166015625
0 0.8515625 0.982421875 0.0390625 0.03515625
0 0.6513671875 0.810546875 0.02734375 0.0283203125
0 0.6259765625 0.9892578125 0.0400390625 0.021484375
0 0.5390625 0.87109375 0.0263671875 0.0400390625
0 0.443359375 0.892578125 0.0830078125 0.037109375
0 0.8876953125 0.275390625 0.017578125 0.0205078125
0 0.724609375 0.3857421875 0.021484375 0.037109375
0 0.8330078125 0.8359375 0.0380859375 0.0341796875
0 0.9541015625 0.609375 0.029296875 0.033203125