0 0.017578125 0.3359375 0.03515625 0.05078125
0 0.072265625 0.9111328125 0.0400390625 0.0546875
0 0.1044921875 0.0849609375 0.02734375 0.017578125
0 0.1279296875 0.1083984375 0.0302734375 0.0283203125
0 0.142578125 0.12890625 0.0380859375 0.021484375
0 0.1689453125 0.1396484375 0.021484375 0.0234375
0 0.0537109375 0.1318359375 0.064453125 0.0283203125
0 0.08984375 0.1357421875 0.0322265625 0.02734375
0 0.0556640625 0.11328125 0.0380859375 0.0302734375
0 0.01953125 0.099609375 0.0390625 0.0283203125
0 0.083984375 0.0615234375 0.037109375 0.0224609375
0 0.03125 0.0283203125 0.0224609375 0.021484375
0 0.1376953125 0.0244140625 0.041015625 0.0302734375
0 0.17578125 0.0400390625 0.03125 0.0322265625
0 0.1494140625 0.671875 0.0654296875 0.0537109375
0 0.2412109375 0.0869140625 0.0322265625 0.056640625
0 0.0576171875 0.794921875 0.0712890625 0.0654296875