0 0.798828125 0.548828125 0.0341796875 0.0283203125
0 0.7666015625 0.623046875 0.02734375 0.0361328125
0 0.861328125 0.6328125 0.017578125 0.0224609375
0 0.923828125 0.5986328125 0.021484375 0.0283203125
0 0.880859375 0.578125 0.021484375 0.0244140625
0 0.55859375 0.54296875 0.017578125 0.017578125
0 0.33203125 0.759765625 0.0283203125 0.02734375
0 0.798828125 0.5078125 0.025390625 0.02734375
0 0.712890625 0.55859375 0.0234375 0.017578125
0 0.646484375 0.6455078125 0.017578125 0.02734375
0 0.634765625 0.3388671875 0.01953125 0.017578125
0 0.4541015625 0.626953125 0.025390625 0.0244140625
0 0.7666015625 0.5078125 0.0244140625 0.0244140625
0 0.77734375 0.3427734375 0.0205078125 0.017578125
0 0.69140625 0.4794921875 0.0263671875 0.02734375
0 0.35546875 0.853515625 0.0361328125 0.0302734375
0 0.5546875 0.7216796875 0.0224609375 0.025390625
0 0.1943359375 0.7900390625 0.0185546875 0.0234375
0 0.630859375 0.27734375 0.037109375 0.0322265625
0 0.56640625 0.462890625 0.017578125 0.01953125
0 0.1220703125 0.64453125 0.0263671875 0.021484375
0 0.3623046875 0.6328125 0.0263671875 0.021484375
0 0.814453125 0.0966796875 0.0166015625 0.0166015625
0 0.458984375 0.248046875 0.0224609375 0.01953125
0 0.623046875 0.287109375 0.01953125 0.0166015625
0 0.576171875 0.244140625 0.0224609375 0.0302734375
0 0.46875 0.384765625 0.0224609375 0.021484375
0 0.806640625 0.71875 0.029296875 0.0283203125
0 0.1015625 0.6513671875 0.0185546875 0.0185546875
0 0.90625 0.29296875 0.0224609375 0.015625
0 0.18359375 0.419921875 0.0234375 0.0263671875
0 0.740234375 0.4267578125 0.02734375 0.0205078125
0 0.603515625 0.833984375 0.01953125 0.0224609375
0 0.505859375 0.517578125 0.025390625 0.017578125
0 0.201171875 0.6875 0.03515625 0.029296875
0 0.6337890625 0.9052734375 0.0361328125 0.0283203125
0 0.970703125 0.69140625 0.01953125 0.0166015625
0 0.6640625 0.1474609375 0.0224609375 0.033203125
0 0.916015625 0.861328125 0.017578125 0.017578125
0 0.8203125 0.783203125 0.015625 0.0146484375
0 0.37890625 0.8876953125 0.0283203125 0.0263671875
0 0.291015625 0.35546875 0.0283203125 0.0283203125
0 0.970703125 0.12890625 0.0244140625 0.0185546875
0 0.8564453125 0.310546875 0.0205078125 0.0234375
0 0.208984375 0.4599609375 0.0263671875 0.02734375
0 0.27734375 0.783203125 0.0322265625 0.033203125
0 0.837890625 0.576171875 0.02734375 0.0283203125
0 0.4375 0.751953125 0.021484375 0.0244140625
0 0.5400390625 0.099609375 0.0224609375 0.0263671875
0 0.3115234375 0.404296875 0.0146484375 0.01171875
0 0.86328125 0.3916015625 0.017578125 0.0185546875
0 0.7890625 0.84765625 0.0146484375 0.0205078125
0 0.798828125 0.953125 0.033203125 0.0322265625
0 0.755859375 0.4375 0.0166015625 0.021484375
0 0.8857421875 0.2314453125 0.0322265625 0.03125
0 0.5107421875 0.4619140625 0.0400390625 0.03125
0 0.0830078125 0.4375 0.015625 0.0166015625
0 0.5205078125 0.72265625 0.0126953125 0.0146484375
0 0.080078125 0.2578125 0.0302734375 0.0205078125
0 0.623046875 0.08984375 0.0302734375 0.0263671875
0 0.3603515625 0.220703125 0.0234375 0.013671875
0 0.111328125 0.380859375 0.0361328125 0.03125
0 0.427734375 0.6796875 0.0146484375 0.0126953125
0 0.951171875 0.412109375 0.0234375 0.0205078125
0 0.921875 0.7373046875 0.0234375 0.0185546875
0 0.05859375 0.412109375 0.0263671875 0.017578125
0 0.4365234375 0.984375 0.017578125 0.021484375
0 0.8369140625 0.8984375 0.0224609375 0.0234375
0 0.4296875 0.361328125 0.029296875 0.03125
0 0.8671875 0.9453125 0.029296875 0.01953125
0 0.78515625 0.0615234375 0.0263671875 0.025390625
0 0.85546875 0.7548828125 0.0361328125 0.0185546875
0 0.7041015625 0.357421875 0.0205078125 0.0224609375
0 0.552734375 0.697265625 0.0166015625 0.0263671875
0 0.2431640625 0.4228515625 0.025390625 0.0224609375
0 0.056640625 0.2041015625 0.015625 0.015625
0 0.86328125 0.912109375 0.01953125 0.0166015625
0 0.248046875 0.3837890625 0.02734375 0.0283203125
0 0.890625 0.0693359375 0.0205078125 0.0166015625
0 0.123046875 0.587890625 0.0283203125 0.0224609375
0 0.67578125 0.2626953125 0.017578125 0.0263671875
0 0.787109375 0.96484375 0.015625 0.0166015625
0 0.685546875 0.4423828125 0.017578125 0.021484375
0 0.99609375 0.1943359375 0.0068359375 0.0146484375
0 0.953125 0.7099609375 0.0234375 0.0166015625
0 0.76953125 0.654296875 0.017578125 0.015625
0 0.2255859375 0.2412109375 0.0126953125 0.0146484375
0 0.310546875 0.3046875 0.013671875 0.0166015625
0 0.859375 0.375 0.0146484375 0.0166015625