0 0.900390625 0.3984375 0.0419921875 0.02734375
0 0.90625 0.2548828125 0.033203125 0.037109375
0 0.75 0.3994140625 0.0224609375 0.0244140625
0 0.68359375 0.447265625 0.0419921875 0.0302734375
0 0.435546875 0.333984375 0.033203125 0.0341796875
0 0.978515625 0.2421875 0.0390625 0.0302734375
0 0.3818359375 0.3701171875 0.0380859375 0.033203125
0 0.728515625 0.2705078125 0.03125 0.0263671875
0 0.86328125 0.2158203125 0.0283203125 0.02734375
0 0.353515625 0.3017578125 0.0302734375 0.0322265625
0 0.6513671875 0.5087890625 0.021484375 0.0283203125
0 0.9033203125 0.16015625 0.025390625 0.0205078125
0 0.8291015625 0.458984375 0.037109375 0.02734375
0 0.689453125 0.30859375 0.0322265625 0.029296875
0 0.9453125 0.3408203125 0.0390625 0.021484375
0 0.736328125 0.46875 0.0234375 0.0224609375
0 0.4296875 0.4716796875 0.025390625 0.03515625
0 0.5791015625 0.6064453125 0.02734375 0.0283203125
0 0.76953125 0.34765625 0.029296875 0.0283203125
0 0.619140625 0.73828125 0.02734375 0.03125
0 0.830078125 0.05859375 0.0263671875 0.0361328125
0 0.8935546875 0.2880859375 0.03515625 0.0224609375
0 0.4365234375 0.40625 0.0380859375 0.0302734375
0 0.92578125 0.439453125 0.0322265625 0.0302734375
0 0.8134765625 0.623046875 0.048828125 0.041015625
0 0.8583984375 0.466796875 0.0263671875 0.0302734375
0 0.8828125 0.427734375 0.03125 0.0224609375
0 0.9619140625 0.087890625 0.041015625 0.0478515625
0 0.466796875 0.4677734375 0.02734375 0.0263671875
0 0.3916015625 0.3017578125 0.025390625 0.025390625
0 0.380859375 0.5234375 0.0478515625 0.056640625
0 0.1181640625 0.1123046875 0.0322265625 0.0302734375
0 0.7890625 0.8193359375 0.095703125 0.05859375
0 0.8251953125 0.970703125 0.0859375 0.0576171875
0 0.71484375 0.71875 0.0556640625 0.05859375
0 0.4208984375 0.9560546875 0.078125 0.052734375
0 0.97265625 0.1669921875 0.0546875 0.0537109375
0 0.9873046875 0.4755859375 0.025390625 0.0498046875
0 0.9765625 0.421875 0.017578125 0.0302734375
0 0.978515625 0.904296875 0.021484375 0.0146484375
0 0.953125 0.9794921875 0.0341796875 0.033203125
0 0.1455078125 0.1640625 0.033203125 0.0302734375
0 0.322265625 0.7177734375 0.025390625 0.037109375
0 0.98046875 0.91015625 0.0185546875 0.01953125
0 0.2783203125 0.7421875 0.0302734375 0.021484375
0 0.2470703125 0.380859375 0.09765625 0.087890625
0 0.357421875 0.4228515625 0.0732421875 0.076171875
0 0.0966796875 0.2509765625 0.0400390625 0.044921875
0 0.0673828125 0.2294921875 0.0380859375 0.0771484375