0 0.576171875 0.2041015625 0.041015625 0.0390625
0 0.78515625 0.3828125 0.046875 0.041015625
0 0.71484375 0.5908203125 0.0419921875 0.0341796875
0 0.7294921875 0.74609375 0.041015625 0.0439453125
0 0.845703125 0.568359375 0.0537109375 0.064453125
0 0.7421875 0.4482421875 0.0390625 0.0615234375
0 0.80859375 0.19921875 0.0390625 0.0458984375
0 0.6162109375 0.1845703125 0.02734375 0.0263671875
0 0.677734375 0.625 0.0498046875 0.046875
0 0.677734375 0.509765625 0.05859375 0.076171875
0 0.2646484375 0.6318359375 0.0361328125 0.0244140625
0 0.2001953125 0.1416015625 0.03515625 0.0390625
0 0.453125 0.638671875 0.0458984375 0.04296875
0 0.6796875 0.88671875 0.0576171875 0.064453125
0 0.953125 0.4345703125 0.0361328125 0.0576171875
0 0.6005859375 0.7265625 0.0537109375 0.0478515625
0 0.603515625 0.3984375 0.041015625 0.037109375
0 0.43359375 0.361328125 0.03515625 0.0244140625
0 0.2568359375 0.1513671875 0.05078125 0.0400390625
0 0.716796875 0.8125 0.0380859375 0.0361328125
0 0.705078125 0.212890625 0.0361328125 0.03515625
0 0.896484375 0.810546875 0.0400390625 0.0439453125
0 0.3125 0.0224609375 0.02734375 0.037109375
0 0.84765625 0.458984375 0.0634765625 0.07421875
0 0.880859375 0.587890625 0.0556640625 0.048828125
0 0.7470703125 0.26171875 0.0458984375 0.052734375
0 0.2265625 0.669921875 0.064453125 0.05078125
0 0.5234375 0.2607421875 0.05859375 0.0556640625
0 0.6396484375 0.2119140625 0.029296875 0.0302734375
0 0.69140625 0.3955078125 0.029296875 0.0283203125
0 0.4140625 0.87109375 0.0302734375 0.0322265625
0 0.806640625 0.712890625 0.0830078125 0.087890625
0 0.8330078125 0.810546875 0.078125 0.068359375
0 0.109375 0.1201171875 0.0341796875 0.0302734375
0 0.30859375 0.35546875 0.041015625 0.044921875
0 0.615234375 0.537109375 0.0341796875 0.0703125
0 0.498046875 0.52734375 0.1064453125 0.08984375
0 0.0712890625 0.654296875 0.0537109375 0.0478515625
0 0.318359375 0.46484375 0.044921875 0.052734375
0 0.7509765625 0.84765625 0.0498046875 0.037109375
0 0.537109375 0.96875 0.02734375 0.0205078125
0 0.0712890625 0.3349609375 0.0859375 0.064453125
0 0.4990234375 0.083984375 0.0283203125 0.0283203125
0 0.42578125 0.447265625 0.0322265625 0.044921875
0 0.974609375 0.8359375 0.05078125 0.04296875
0 0.587890625 0.1044921875 0.0419921875 0.033203125
0 0.6083984375 0.2890625 0.048828125 0.0361328125
0 0.103515625 0.19140625 0.025390625 0.03125
0 0.2783203125 0.1845703125 0.0263671875 0.033203125
0 0.7490234375 0.5419921875 0.060546875 0.05078125
0 0.65234375 0.345703125 0.0380859375 0.0361328125
0 0.1435546875 0.2080078125 0.037109375 0.0341796875
0 0.0673828125 0.2255859375 0.0390625 0.037109375
0 0.400390625 0.66015625 0.0439453125 0.03125
0 0.34765625 0.4189453125 0.033203125 0.0400390625
0 0.3330078125 0.611328125 0.041015625 0.0380859375
0 0.8955078125 0.8916015625 0.02734375 0.029296875
0 0.8544921875 0.197265625 0.0419921875 0.041015625
0 0.4150390625 0.587890625 0.0283203125 0.0283203125
0 0.392578125 0.80078125 0.03515625 0.037109375
0 0.5478515625 0.046875 0.0341796875 0.025390625
0 0.2783203125 0.10546875 0.0439453125 0.052734375