0 0.88671875 0.14453125 0.041015625 0.0302734375
0 0.3125 0.03125 0.0537109375 0.056640625
0 0.099609375 0.2275390625 0.041015625 0.03125
0 0.654296875 0.046875 0.0458984375 0.064453125
0 0.87890625 0.87890625 0.037109375 0.0302734375
0 0.734375 0.236328125 0.056640625 0.0595703125
0 0.0634765625 0.11328125 0.095703125 0.0751953125
0 0.8525390625 0.134765625 0.01953125 0.0322265625
0 0.396484375 0.2080078125 0.02734375 0.0400390625
0 0.595703125 0.203125 0.0224609375 0.0244140625
0 0.806640625 0.310546875 0.0283203125 0.0341796875
0 0.53515625 0.61328125 0.052734375 0.0419921875
0 0.10546875 0.6044921875 0.0458984375 0.046875
0 0.365234375 0.2333984375 0.056640625 0.0341796875
0 0.2197265625 0.751953125 0.03125 0.0283203125
0 0.3623046875 0.7919921875 0.044921875 0.033203125
0 0.5244140625 0.841796875 0.0537109375 0.0498046875
0 0.431640625 0.7548828125 0.0244140625 0.0244140625
0 0.892578125 0.861328125 0.0205078125 0.0205078125
0 0.80078125 0.5126953125 0.0263671875 0.0283203125
0 0.9296875 0.658203125 0.0283203125 0.0322265625
0 0.4853515625 0.939453125 0.0234375 0.0185546875
0 0.2880859375 0.068359375 0.0234375 0.0166015625
0 0.0146484375 0.28125 0.0234375 0.021484375
0 0.4638671875 0.3193359375 0.03515625 0.041015625
0 0.09765625 0.4541015625 0.044921875 0.0517578125
0 0.53515625 0.7451171875 0.0283203125 0.0322265625
0 0.4560546875 0.064453125 0.0185546875 0.01953125
0 0.6572265625 0.8828125 0.0283203125 0.025390625
0 0.46875 0.9814453125 0.021484375 0.01953125
0 0.4375 0.2431640625 0.0224609375 0.0263671875