0 0.0927734375 0.2490234375 0.044921875 0.052734375
0 0.1357421875 0.205078125 0.044921875 0.05078125
0 0.18359375 0.138671875 0.04296875 0.0546875
0 0.9775390625 0.1533203125 0.025390625 0.025390625
0 0.833984375 0.4462890625 0.0390625 0.052734375
0 0.7041015625 0.4501953125 0.025390625 0.025390625
0 0.501953125 0.6259765625 0.02734375 0.021484375
0 0.755859375 0.5751953125 0.0283203125 0.025390625
0 0.5048828125 0.2998046875 0.0302734375 0.02734375
0 0.7744140625 0.173828125 0.0263671875 0.0302734375
0 0.859375 0.1611328125 0.0244140625 0.0263671875
0 0.51953125 0.666015625 0.0263671875 0.029296875
0 0.4541015625 0.1787109375 0.0361328125 0.0234375
0 0.828125 0.2939453125 0.01953125 0.0185546875
0 0.8876953125 0.6298828125 0.0322265625 0.0341796875
0 0.93359375 0.181640625 0.015625 0.0185546875
0 0.5234375 0.5576171875 0.0322265625 0.0283203125
0 0.98828125 0.2236328125 0.0205078125 0.025390625
0 0.517578125 0.81640625 0.0302734375 0.03125
0 0.59765625 0.77734375 0.025390625 0.0263671875
0 0.943359375 0.44921875 0.0205078125 0.01953125
0 0.58203125 0.333984375 0.0234375 0.0263671875
0 0.36328125 0.361328125 0.02734375 0.0263671875
0 0.3662109375 0.7275390625 0.0205078125 0.01953125
0 0.9609375 0.625 0.017578125 0.017578125
0 0.685546875 0.671875 0.0341796875 0.0283203125
0 0.404296875 0.2421875 0.0322265625 0.0302734375
0 0.419921875 0.3525390625 0.0283203125 0.029296875
0 0.251953125 0.21484375 0.0283203125 0.02734375
0 0.87890625 0.705078125 0.0341796875 0.0224609375
0 0.55859375 0.8955078125 0.015625 0.017578125
0 0.2431640625 0.2392578125 0.0263671875 0.025390625
0 0.1728515625 0.46875 0.041015625 0.02734375
0 0.0927734375 0.3671875 0.0234375 0.0224609375
0 0.96875 0.322265625 0.0185546875 0.013671875
0 0.728515625 0.6484375 0.0166015625 0.015625
0 0.818359375 0.7978515625 0.025390625 0.0234375
0 0.302734375 0.294921875 0.03125 0.029296875
0 0.3955078125 0.9423828125 0.025390625 0.021484375
0 0.052734375 0.4951171875 0.0146484375 0.0205078125
0 0.7158203125 0.658203125 0.017578125 0.0166015625
0 0.0810546875 0.2119140625 0.0498046875 0.0322265625
0 0.3740234375 0.53125 0.01953125 0.0224609375
0 0.3955078125 0.5546875 0.021484375 0.0244140625
0 0.1376953125 0.9833984375 0.0302734375 0.029296875
0 0.27734375 0.9892578125 0.0205078125 0.013671875
0 0.94921875 0.0322265625 0.02734375 0.0234375
0 0.9765625 0.0517578125 0.021484375 0.0205078125
0 0.8779296875 0.0517578125 0.01953125 0.0244140625
0 0.9189453125 0.11328125 0.017578125 0.021484375
0 0.9609375 0.2890625 0.017578125 0.01953125
0 0.8984375 0.45703125 0.0244140625 0.0205078125
0 0.9228515625 0.546875 0.03125 0.03125
0 0.9755859375 0.4814453125 0.01953125 0.01953125
0 0.904296875 0.416015625 0.01953125 0.021484375
0 0.9248046875 0.4990234375 0.0205078125 0.0205078125
0 0.9482421875 0.51953125 0.0185546875 0.0185546875
0 0.7958984375 0.640625 0.0205078125 0.021484375
0 0.9140625 0.755859375 0.029296875 0.0205078125
0 0.8984375 0.962890625 0.017578125 0.015625
0 0.8056640625 0.9013671875 0.0185546875 0.01953125
0 0.873046875 0.9755859375 0.0166015625 0.015625
0 0.4541015625 0.8525390625 0.0244140625 0.01953125
0 0.4091796875 0.2900390625 0.0205078125 0.017578125
0 0.8623046875 0.34765625 0.0224609375 0.015625
0 0.287109375 0.2529296875 0.0126953125 0.01171875
0 0.2744140625 0.23828125 0.0126953125 0.01171875
0 0.1904296875 0.396484375 0.0166015625 0.0166015625
0 0.021484375 0.4326171875 0.0166015625 0.01953125
0 0.2216796875 0.23828125 0.0185546875 0.0224609375
0 0.447265625 0.9609375 0.0263671875 0.0166015625
0 0.7587890625 0.994140625 0.017578125 0.01171875
0 0.97265625 0.728515625 0.0205078125 0.0205078125
0 0.9638671875 0.603515625 0.021484375 0.0185546875
0 0.69921875 0.8779296875 0.01953125 0.0166015625
0 0.267578125 0.845703125 0.0126953125 0.01171875
0 0.3916015625 0.892578125 0.013671875 0.017578125
0 0.978515625 0.845703125 0.0234375 0.021484375