0 0.24609375 0.8798828125 0.0703125 0.0263671875
0 0.2255859375 0.84765625 0.0615234375 0.03125
0 0.1806640625 0.861328125 0.0361328125 0.0205078125
0 0.0986328125 0.984375 0.0458984375 0.03125
0 0.041015625 0.9580078125 0.04296875 0.0234375
0 0.0146484375 0.9814453125 0.0244140625 0.0302734375
0 0.0830078125 0.955078125 0.0263671875 0.0302734375
0 0.0947265625 0.8759765625 0.0283203125 0.048828125
0 0.06640625 0.84765625 0.05078125 0.041015625
0 0.1923828125 0.806640625 0.0498046875 0.048828125
0 0.8798828125 0.5888671875 0.0537109375 0.0478515625
0 0.853515625 0.642578125 0.0712890625 0.05078125
0 0.0244140625 0.75 0.0322265625 0.0283203125