0 0.353515625 0.5908203125 0.056640625 0.0302734375
0 0.26953125 0.5859375 0.052734375 0.0390625
0 0.08203125 0.7216796875 0.048828125 0.0380859375
0 0.69921875 0.8828125 0.0126953125 0.021484375
0 0.078125 0.796875 0.0185546875 0.0166015625
0 0.6796875 0.353515625 0.021484375 0.0244140625
0 0.375 0.46875 0.02734375 0.025390625
0 0.451171875 0.474609375 0.0244140625 0.025390625
0 0.013671875 0.779296875 0.0263671875 0.0283203125
0 0.2568359375 0.271484375 0.025390625 0.0302734375
0 0.86328125 0.921875 0.01953125 0.0185546875
0 0.837890625 0.640625 0.0390625 0.02734375
0 0.1162109375 0.7900390625 0.0224609375 0.015625
0 0.958984375 0.083984375 0.0146484375 0.015625
0 0.0185546875 0.96875 0.0244140625 0.0302734375
0 0.2353515625 0.3125 0.029296875 0.0224609375
0 0.431640625 0.2744140625 0.0185546875 0.017578125
0 0.662109375 0.65625 0.029296875 0.0283203125
0 0.650390625 0.1455078125 0.029296875 0.025390625
0 0.22265625 0.4267578125 0.015625 0.0224609375
0 0.4619140625 0.1875 0.0263671875 0.021484375
0 0.912109375 0.794921875 0.017578125 0.017578125
0 0.10546875 0.634765625 0.0244140625 0.01953125
0 0.91015625 0.86328125 0.0224609375 0.025390625
0 0.482421875 0.419921875 0.025390625 0.0322265625
0 0.498046875 0.236328125 0.017578125 0.0146484375
0 0.6611328125 0.966796875 0.0205078125 0.033203125
0 0.8203125 0.0986328125 0.0302734375 0.0244140625
0 0.67578125 0.24609375 0.0224609375 0.02734375
0 0.833984375 0.615234375 0.0283203125 0.037109375
0 0.9462890625 0.556640625 0.02734375 0.025390625
0 0.0791015625 0.3798828125 0.017578125 0.0205078125
0 0.900390625 0.609375 0.0234375 0.02734375
0 0.326171875 0.435546875 0.015625 0.015625
0 0.658203125 0.55859375 0.0205078125 0.01953125
0 0.0751953125 0.6669921875 0.029296875 0.025390625
0 0.4169921875 0.3173828125 0.0205078125 0.017578125
0 0.931640625 0.599609375 0.05078125 0.0244140625
0 0.919921875 0.609375 0.0595703125 0.03125
0 0.62890625 0.1630859375 0.07421875 0.0595703125
0 0.30078125 0.685546875 0.017578125 0.013671875