0 0.3525390625 0.4375 0.025390625 0.0224609375
0 0.4130859375 0.69140625 0.0419921875 0.03125
0 0.291015625 0.728515625 0.02734375 0.0263671875
0 0.357421875 0.69140625 0.0166015625 0.0263671875
0 0.5234375 0.4765625 0.029296875 0.0390625
0 0.576171875 0.515625 0.0302734375 0.0302734375
0 0.8515625 0.59375 0.0244140625 0.0224609375
0 0.9365234375 0.607421875 0.021484375 0.0166015625
0 0.6181640625 0.8515625 0.02734375 0.025390625
0 0.95703125 0.6875 0.0146484375 0.0146484375
0 0.4814453125 0.404296875 0.0185546875 0.01953125
0 0.81640625 0.544921875 0.0224609375 0.021484375
0 0.66015625 0.2783203125 0.015625 0.013671875
0 0.9599609375 0.5634765625 0.015625 0.0234375
0 0.15625 0.84765625 0.029296875 0.0283203125
0 0.9609375 0.6357421875 0.0185546875 0.0244140625
0 0.8486328125 0.623046875 0.033203125 0.029296875
0 0.8916015625 0.783203125 0.0185546875 0.0166015625
0 0.4814453125 0.2890625 0.0234375 0.01953125
0 0.517578125 0.650390625 0.0146484375 0.015625
0 0.951171875 0.171875 0.029296875 0.03125
0 0.1357421875 0.6640625 0.0244140625 0.021484375
0 0.3466796875 0.611328125 0.033203125 0.029296875
0 0.8525390625 0.376953125 0.017578125 0.0283203125
0 0.529296875 0.560546875 0.0361328125 0.046875
0 0.228515625 0.271484375 0.017578125 0.015625
0 0.009765625 0.5107421875 0.0185546875 0.0166015625
0 0.1376953125 0.935546875 0.0302734375 0.0341796875
0 0.1513671875 0.2490234375 0.0234375 0.0224609375
0 0.3876953125 0.4814453125 0.0302734375 0.0322265625
0 0.228515625 0.041015625 0.03125 0.025390625
0 0.470703125 0.923828125 0.025390625 0.029296875
0 0.521484375 0.876953125 0.02734375 0.0234375
0 0.02734375 0.845703125 0.0205078125 0.0146484375
0 0.53125 0.380859375 0.025390625 0.0244140625
0 0.9873046875 0.689453125 0.0244140625 0.0263671875
0 0.31640625 0.35546875 0.025390625 0.03515625
0 0.513671875 0.3779296875 0.01953125 0.01953125
0 0.673828125 0.92578125 0.025390625 0.0302734375
0 0.7734375 0.3310546875 0.03515625 0.025390625
0 0.6328125 0.7421875 0.033203125 0.03515625
0 0.4228515625 0.775390625 0.0244140625 0.037109375
0 0.77734375 0.365234375 0.02734375 0.033203125
0 0.3955078125 0.88671875 0.01171875 0.0126953125
0 0.4638671875 0.6591796875 0.0205078125 0.0380859375
0 0.09375 0.44140625 0.021484375 0.017578125
0 0.923828125 0.400390625 0.0234375 0.0185546875
0 0.6171875 0.4599609375 0.015625 0.0166015625
0 0.1396484375 0.64453125 0.0126953125 0.0126953125
0 0.28515625 0.689453125 0.03515625 0.0283203125