0 0.01953125 0.5576171875 0.0390625 0.068359375
0 0.212890625 0.5693359375 0.03515625 0.021484375
0 0.173828125 0.552734375 0.0322265625 0.0224609375
0 0.4384765625 0.6376953125 0.0322265625 0.0263671875
0 0.2177734375 0.751953125 0.0322265625 0.01953125
0 0.1015625 0.775390625 0.0615234375 0.0400390625
0 0.0390625 0.8125 0.0224609375 0.0224609375
0 0.2353515625 0.8671875 0.03125 0.0166015625
0 0.453125 0.6796875 0.0244140625 0.033203125
0 0.3125 0.9208984375 0.0322265625 0.056640625
0 0.62109375 0.791015625 0.03515625 0.033203125
0 0.8271484375 0.658203125 0.01953125 0.0322265625
0 0.2294921875 0.9208984375 0.029296875 0.033203125
0 0.126953125 0.806640625 0.021484375 0.0263671875