0 0.3125 0.20703125 0.0361328125 0.0439453125
0 0.375 0.20703125 0.037109375 0.0341796875
0 0.2529296875 0.244140625 0.0439453125 0.0458984375
0 0.283203125 0.26953125 0.0205078125 0.0185546875
0 0.3154296875 0.1533203125 0.03125 0.0185546875
0 0.142578125 0.52734375 0.0400390625 0.03125
0 0.109375 0.5908203125 0.0390625 0.03125
0 0.2861328125 0.50390625 0.03515625 0.029296875
0 0.16796875 0.548828125 0.033203125 0.029296875
0 0.0341796875 0.6640625 0.037109375 0.029296875
0 0.4111328125 0.087890625 0.033203125 0.02734375
0 0.333984375 0.3271484375 0.068359375 0.0625
0 0.46875 0.1083984375 0.0654296875 0.052734375
0 0.1494140625 0.33203125 0.03125 0.0341796875
0 0.59765625 0.31640625 0.037109375 0.0234375
0 0.38671875 0.162109375 0.033203125 0.03125
0 0.4462890625 0.240234375 0.03515625 0.0390625
0 0.109375 0.6796875 0.0498046875 0.041015625
0 0.1162109375 0.947265625 0.0498046875 0.0478515625
0 0.2939453125 0.6123046875 0.0791015625 0.0498046875
0 0.2314453125 0.306640625 0.0419921875 0.03125
0 0.5693359375 0.2451171875 0.0263671875 0.0263671875
0 0.255859375 0.37109375 0.072265625 0.0595703125
0 0.1103515625 0.720703125 0.037109375 0.0302734375
0 0.078125 0.923828125 0.0341796875 0.0244140625
0 0.2119140625 0.8984375 0.0390625 0.029296875
0 0.40234375 0.296875 0.048828125 0.0400390625
0 0.48046875 0.3056640625 0.0302734375 0.0390625
0 0.5732421875 0.189453125 0.0419921875 0.0234375
0 0.5009765625 0.2080078125 0.048828125 0.04296875
0 0.2890625 0.5390625 0.025390625 0.021484375
0 0.0166015625 0.3515625 0.0322265625 0.0390625
0 0.0537109375 0.7421875 0.0322265625 0.0263671875
0 0.33203125 0.2861328125 0.0439453125 0.04296875
0 0.5498046875 0.40234375 0.0712890625 0.0771484375
0 0.416015625 0.486328125 0.03125 0.029296875
0 0.5615234375 0.103515625 0.048828125 0.04296875
0 0.072265625 0.54296875 0.0224609375 0.02734375
0 0.318359375 0.47265625 0.037109375 0.021484375
0 0.4384765625 0.517578125 0.0390625 0.025390625
0 0.208984375 0.9365234375 0.033203125 0.02734375
0 0.203125 0.61328125 0.0283203125 0.025390625
0 0.087890625 0.771484375 0.02734375 0.0244140625
0 0.2607421875 0.9814453125 0.04296875 0.033203125
0 0.017578125 0.8212890625 0.0341796875 0.025390625
0 0.5380859375 0.3095703125 0.064453125 0.072265625
0 0.177734375 0.4658203125 0.03125 0.0224609375
0 0.1328125 0.4140625 0.029296875 0.02734375
0 0.2099609375 0.7041015625 0.0361328125 0.037109375
0 0.1796875 0.8564453125 0.0322265625 0.03125
0 0.029296875 0.931640625 0.015625 0.015625
0 0.0078125 0.7548828125 0.015625 0.017578125
0 0.005859375 0.59765625 0.01171875 0.0166015625
0 0.0087890625 0.7333984375 0.017578125 0.0244140625
0 0.0419921875 0.98046875 0.0146484375 0.0146484375
0 0.1103515625 0.7626953125 0.0205078125 0.0185546875
0 0.271484375 0.931640625 0.0166015625 0.01953125
0 0.208984375 0.830078125 0.0537109375 0.03515625
0 0.1796875 0.826171875 0.021484375 0.021484375
0 0.1669921875 0.8125 0.01953125 0.021484375
0 0.1650390625 0.6787109375 0.025390625 0.017578125
0 0.1591796875 0.7119140625 0.0224609375 0.0185546875
0 0.1435546875 0.630859375 0.0283203125 0.0185546875
0 0.232421875 0.7333984375 0.0185546875 0.021484375
0 0.318359375 0.765625 0.0263671875 0.0234375
0 0.3203125 0.6640625 0.0205078125 0.0224609375
0 0.1142578125 0.49609375 0.0244140625 0.01953125
0 0.1005859375 0.5361328125 0.0166015625 0.015625
0 0.162109375 0.4853515625 0.0146484375 0.01171875
0 0.0048828125 0.2841796875 0.009765625 0.033203125
0 0.19921875 0.3046875 0.037109375 0.0361328125
0 0.2646484375 0.3212890625 0.0498046875 0.0458984375
0 0.376953125 0.2587890625 0.0390625 0.0234375
0 0.48828125 0.14453125 0.02734375 0.03515625
0 0.203125 0.181640625 0.03515625 0.0322265625
0 0.2294921875 0.12890625 0.0244140625 0.015625
0 0.3251953125 0.1220703125 0.0283203125 0.021484375
0 0.2978515625 0.0400390625 0.037109375 0.05859375
0 0.4140625 0.1328125 0.021484375 0.021484375
0 0.4501953125 0.4267578125 0.01953125 0.021484375
0 0.435546875 0.388671875 0.0234375 0.021484375
0 0.0419921875 0.2607421875 0.0166015625 0.01953125
0 0.0751953125 0.1376953125 0.0205078125 0.0224609375
0 0.291015625 0.12109375 0.0224609375 0.0166015625
0 0.228515625 0.091796875 0.015625 0.015625
0 0.25 0.0673828125 0.0302734375 0.0263671875
0 0.2587890625 0.1015625 0.0205078125 0.0126953125
0 0.2607421875 0.1259765625 0.029296875 0.017578125
0 0.25390625 0.14453125 0.0380859375 0.0205078125
0 0.4345703125 0.1474609375 0.013671875 0.0146484375
0 0.4345703125 0.166015625 0.0166015625 0.017578125
0 0.392578125 0.1875 0.03515625 0.0166015625
0 0.435546875 0.181640625 0.0126953125 0.0126953125
0 0.3974609375 0.2041015625 0.0146484375 0.015625
0 0.3583984375 0.3759765625 0.0244140625 0.0224609375
0 0.083984375 0.3046875 0.0166015625 0.017578125
0 0.1328125 0.298828125 0.01953125 0.0244140625
0 0.1181640625 0.30859375 0.0166015625 0.01171875
0 0.0986328125 0.310546875 0.01171875 0.0146484375
0 0.103515625 0.2958984375 0.009765625 0.013671875
0 0.1162109375 0.2958984375 0.0126953125 0.0126953125
0 0.1181640625 0.34765625 0.01953125 0.01953125
0 0.2099609375 0.388671875 0.0126953125 0.013671875
0 0.2021484375 0.3935546875 0.015625 0.0205078125
0 0.6767578125 0.1123046875 0.0263671875 0.03515625
0 0.5634765625 0.2158203125 0.021484375 0.0185546875
0 0.3095703125 0.3759765625 0.0234375 0.01953125
0 0.3115234375 0.3623046875 0.0205078125 0.009765625
0 0.4287109375 0.26953125 0.041015625 0.013671875
0 0.658203125 0.20703125 0.021484375 0.0185546875
0 0.62890625 0.2529296875 0.0205078125 0.017578125
0 0.296875 0.716796875 0.0234375 0.029296875
0 0.0380859375 0.6181640625 0.0166015625 0.0146484375
0 0.138671875 0.8935546875 0.0234375 0.025390625
0 0.193359375 0.8056640625 0.0361328125 0.0205078125
0 0.4921875 0.49609375 0.0234375 0.0224609375
0 0.34375 0.4287109375 0.0244140625 0.02734375
0 0.2392578125 0.53125 0.017578125 0.015625