0 0.8740234375 0.8974609375 0.033203125 0.0224609375
0 0.9462890625 0.4755859375 0.029296875 0.0205078125
0 0.7939453125 0.015625 0.041015625 0.0263671875
0 0.8212890625 0.033203125 0.02734375 0.0224609375
0 0.9248046875 0.6884765625 0.0185546875 0.015625
0 0.8623046875 0.8515625 0.0234375 0.0244140625
0 0.89453125 0.70703125 0.0166015625 0.0205078125
0 0.931640625 0.3017578125 0.0244140625 0.0234375
0 0.986328125 0.451171875 0.02734375 0.0361328125
0 0.96875 0.0810546875 0.021484375 0.017578125
0 0.8603515625 0.478515625 0.0244140625 0.0224609375
0 0.7275390625 0.7734375 0.01953125 0.0244140625
0 0.0166015625 0.857421875 0.0244140625 0.0234375