0 0.455078125 0.587890625 0.0537109375 0.0419921875
0 0.478515625 0.5791015625 0.0224609375 0.021484375
0 0.30078125 0.6376953125 0.0166015625 0.0166015625
0 0.62109375 0.654296875 0.0654296875 0.0380859375
0 0.4921875 0.6494140625 0.0498046875 0.0380859375
0 0.2431640625 0.9267578125 0.0732421875 0.0654296875
0 0.7509765625 0.7275390625 0.056640625 0.0556640625
0 0.0634765625 0.876953125 0.060546875 0.048828125
0 0.3720703125 0.62890625 0.078125 0.056640625
0 0.7578125 0.2138671875 0.041015625 0.0380859375
0 0.10546875 0.5927734375 0.0341796875 0.033203125
0 0.458984375 0.453125 0.0302734375 0.0244140625
0 0.39453125 0.314453125 0.0625 0.056640625
0 0.400390625 0.458984375 0.0341796875 0.0361328125
0 0.3759765625 0.3720703125 0.0380859375 0.0537109375
0 0.220703125 0.3916015625 0.037109375 0.021484375
0 0.3466796875 0.2216796875 0.044921875 0.0361328125
0 0.66015625 0.3388671875 0.0390625 0.041015625
0 0.759765625 0.115234375 0.03125 0.0263671875
0 0.025390625 0.83984375 0.0458984375 0.044921875
0 0.611328125 0.84375 0.0458984375 0.02734375
0 0.1669921875 0.54296875 0.0390625 0.0322265625
0 0.025390625 0.6552734375 0.05078125 0.037109375
0 0.19140625 0.78515625 0.0302734375 0.02734375
0 0.8603515625 0.130859375 0.052734375 0.03515625
0 0.814453125 0.15234375 0.0322265625 0.029296875
0 0.3681640625 0.693359375 0.0458984375 0.0595703125
0 0.3115234375 0.599609375 0.0283203125 0.02734375
0 0.3046875 0.3154296875 0.0400390625 0.046875
0 0.19921875 0.0693359375 0.03515625 0.033203125
0 0.1171875 0.9287109375 0.0224609375 0.029296875
0 0.849609375 0.6318359375 0.0322265625 0.0283203125
0 0.1240234375 0.384765625 0.0263671875 0.033203125
0 0.9521484375 0.37890625 0.0390625 0.0400390625
0 0.25390625 0.234375 0.0244140625 0.0244140625
0 0.322265625 0.806640625 0.0263671875 0.033203125
0 0.146484375 0.4794921875 0.0361328125 0.03515625
0 0.634765625 0.46484375 0.0361328125 0.0517578125
0 0.04296875 0.623046875 0.0400390625 0.033203125
0 0.2314453125 0.328125 0.025390625 0.0302734375
0 0.76171875 0.029296875 0.0400390625 0.037109375
0 0.4765625 0.2548828125 0.0234375 0.033203125
0 0.677734375 0.7568359375 0.0673828125 0.048828125
0 0.240234375 0.8203125 0.048828125 0.04296875
0 0.203125 0.5947265625 0.0458984375 0.02734375
0 0.0595703125 0.943359375 0.0517578125 0.0537109375
0 0.7685546875 0.65234375 0.0517578125 0.0380859375
0 0.318359375 0.8388671875 0.0341796875 0.02734375
0 0.9775390625 0.2548828125 0.0234375 0.029296875
0 0.3837890625 0.89453125 0.0302734375 0.041015625
0 0.474609375 0.08203125 0.04296875 0.0263671875
0 0.197265625 0.18359375 0.021484375 0.025390625
0 0.197265625 0.138671875 0.0302734375 0.0205078125
0 0.9384765625 0.6875 0.083984375 0.08203125
0 0.330078125 0.1328125 0.037109375 0.0400390625
0 0.0859375 0.2822265625 0.02734375 0.0205078125
0 0.0966796875 0.615234375 0.0546875 0.0673828125
0 0.626953125 0.705078125 0.046875 0.025390625
0 0.744140625 0.619140625 0.0595703125 0.0361328125
0 0.13671875 0.8125 0.0302734375 0.0263671875
0 0.3193359375 0.064453125 0.02734375 0.03125
0 0.1455078125 0.763671875 0.0478515625 0.0537109375
0 0.5625 0.5791015625 0.03515625 0.029296875
0 0.5546875 0.515625 0.0244140625 0.037109375
0 0.6787109375 0.0419921875 0.05859375 0.044921875
0 0.20703125 0.3134765625 0.0234375 0.0234375
0 0.83203125 0.5205078125 0.0361328125 0.05078125
0 0.5234375 0.953125 0.037109375 0.02734375
0 0.390625 0.041015625 0.0400390625 0.0390625
0 0.80859375 0.126953125 0.025390625 0.021484375
0 0.037109375 0.7900390625 0.0263671875 0.03515625
0 0.5078125 0.9208984375 0.0322265625 0.0263671875
0 0.57421875 0.8857421875 0.046875 0.037109375
0 0.88671875 0.646484375 0.064453125 0.0498046875
0 0.962890625 0.4375 0.07421875 0.0556640625
0 0.7431640625 0.7919921875 0.0234375 0.025390625
0 0.9794921875 0.31640625 0.041015625 0.0439453125
0 0.6611328125 0.134765625 0.02734375 0.04296875
0 0.1201171875 0.1484375 0.03515625 0.0341796875
0 0.5556640625 0.552734375 0.033203125 0.029296875
0 0.3193359375 0.04296875 0.0234375 0.02734375
0 0.8447265625 0.591796875 0.0263671875 0.03125
0 0.25390625 0.68359375 0.0234375 0.03125
0 0.4140625 0.53125 0.02734375 0.02734375
0 0.076171875 0.5732421875 0.0244140625 0.033203125
0 0.185546875 0.630859375 0.0302734375 0.0322265625
0 0.359375 0.982421875 0.03515625 0.03515625
0 0.0126953125 0.49609375 0.0244140625 0.02734375
0 0.7919921875 0.5439453125 0.03515625 0.015625
0 0.84375 0.0634765625 0.046875 0.0537109375
0 0.4990234375 0.484375 0.0673828125 0.0703125
0 0.501953125 0.46484375 0.0244140625 0.021484375
0 0.974609375 0.474609375 0.041015625 0.0400390625
0 0.259765625 0.4384765625 0.0283203125 0.03125
0 0.1884765625 0.666015625 0.0361328125 0.033203125
0 0.171875 0.1533203125 0.01953125 0.01953125
0 0.0224609375 0.4765625 0.03515625 0.0400390625
0 0.4013671875 0.814453125 0.025390625 0.0244140625
0 0.9619140625 0.61328125 0.076171875 0.0634765625
0 0.4794921875 0.0537109375 0.03125 0.02734375
0 0.1669921875 0.732421875 0.01953125 0.0302734375
0 0.07421875 0.5478515625 0.01953125 0.021484375
0 0.1552734375 0.85546875 0.033203125 0.048828125
0 0.1875 0.728515625 0.0361328125 0.056640625
0 0.1103515625 0.23046875 0.0205078125 0.01953125
0 0.0439453125 0.2236328125 0.01953125 0.0205078125
0 0.95703125 0.5302734375 0.0859375 0.087890625
0 0.9296875 0.1767578125 0.0341796875 0.0283203125
0 0.2763671875 0.712890625 0.03125 0.0224609375
0 0.68359375 0.8515625 0.0322265625 0.0234375
0 0.09375 0.4140625 0.0419921875 0.0439453125
0 0.330078125 0.35546875 0.0234375 0.0283203125
0 0.134765625 0.8876953125 0.021484375 0.0244140625
0 0.9892578125 0.0361328125 0.021484375 0.033203125
0 0.7109375 0.533203125 0.021484375 0.0185546875
0 0.5966796875 0.984375 0.0224609375 0.02734375
0 0.15234375 0.16796875 0.0146484375 0.013671875
0 0.16015625 0.1240234375 0.0166015625 0.0146484375
0 0.17578125 0.1298828125 0.0107421875 0.013671875
0 0.16796875 0.095703125 0.01171875 0.013671875
0 0.294921875 0.048828125 0.0439453125 0.052734375
0 0.7255859375 0.009765625 0.04296875 0.0185546875
0 0.69140625 0.1513671875 0.015625 0.013671875
0 0.859375 0.162109375 0.052734375 0.0439453125
0 0.8056640625 0.1767578125 0.015625 0.033203125
0 0.9033203125 0.2041015625 0.0341796875 0.0244140625
0 0.91015625 0.1767578125 0.01953125 0.0263671875
0 0.8935546875 0.2392578125 0.021484375 0.0400390625
0 0.93359375 0.2392578125 0.0283203125 0.015625
0 0.9609375 0.2099609375 0.037109375 0.04296875
0 0.9931640625 0.2216796875 0.013671875 0.0498046875
0 0.0283203125 0.3740234375 0.0205078125 0.015625
0 0.08203125 0.33984375 0.02734375 0.0234375
0 0.130859375 0.30859375 0.017578125 0.015625
0 0.2841796875 0.3173828125 0.0146484375 0.0185546875
0 0.076171875 0.4716796875 0.0244140625 0.0205078125
0 0.0615234375 0.5078125 0.0224609375 0.025390625
0 0.8408203125 0.560546875 0.0224609375 0.01953125
0 0.1259765625 0.958984375 0.0263671875 0.0185546875
0 0.1416015625 0.9345703125 0.033203125 0.0341796875
0 0.01171875 0.9375 0.0234375 0.0224609375
0 0.0283203125 0.9765625 0.03125 0.02734375
0 0.056640625 0.9931640625 0.0390625 0.013671875
0 0.01171875 0.8974609375 0.0234375 0.029296875
0 0.6484375 0.79296875 0.0224609375 0.01953125
0 0.66796875 0.7978515625 0.0185546875 0.0205078125
0 0.669921875 0.63671875 0.01953125 0.0205078125
0 0.66796875 0.7109375 0.0234375 0.0234375
0 0.595703125 0.595703125 0.02734375 0.0390625
0 0.6201171875 0.6083984375 0.0302734375 0.0400390625
0 0.595703125 0.5478515625 0.0166015625 0.013671875
0 0.4521484375 0.533203125 0.0234375 0.0185546875